IS_ANOMALY,LOCATION,DATE_TIME,SENSOR_NUMBER,DC_POWER,AC_POWER,DAILY_YIELD,TOTAL_YIELD
False,B,2020-05-15 00:15:00,15,0.0,0.0,0.0,1348350801.0
False,B,2020-05-15 00:30:00,15,0.0,0.0,0.0,1348350801.0
False,B,2020-05-15 00:45:00,15,0.0,0.0,0.0,1348350801.0
False,B,2020-05-15 01:00:00,15,0.0,0.0,0.0,1348350801.0
False,B,2020-05-15 01:15:00,15,0.0,0.0,0.0,1348350801.0
False,B,2020-05-15 01:30:00,15,0.0,0.0,0.0,1348350801.0
False,B,2020-05-15 01:45:00,15,0.0,0.0,0.0,1348350801.0
False,B,2020-05-15 02:00:00,15,0.0,0.0,0.0,1348350801.0
False,B,2020-05-15 02:15:00,15,0.0,0.0,0.0,1348350801.0
False,B,2020-05-15 02:30:00,15,0.0,0.0,0.0,1348350801.0
False,B,2020-05-15 02:45:00,15,0.0,0.0,0.0,1348350801.0
False,B,2020-05-15 03:00:00,15,0.0,0.0,0.0,1348350801.0
False,B,2020-05-15 03:15:00,15,0.0,0.0,0.0,1348350801.0
False,B,2020-05-15 03:30:00,15,0.0,0.0,0.0,1348350801.0
False,B,2020-05-15 03:45:00,15,0.0,0.0,0.0,1348350801.0
False,B,2020-05-15 04:00:00,15,0.0,0.0,0.0,1348350801.0
False,B,2020-05-15 04:15:00,15,0.0,0.0,0.0,1348350801.0
False,B,2020-05-15 04:30:00,15,0.0,0.0,0.0,1348350801.0
False,B,2020-05-15 04:45:00,15,0.0,0.0,0.0,1348350801.0
False,B,2020-05-15 05:00:00,15,0.0,0.0,0.0,1348350801.0
False,B,2020-05-15 05:15:00,15,0.0,0.0,0.0,1348350801.0
False,B,2020-05-15 05:30:00,15,0.0,0.0,0.0,1348350801.0
False,B,2020-05-15 05:45:00,15,0.0,0.0,0.0,1348350801.0
False,B,2020-05-15 06:00:00,15,14.506666666666668,13.993333333333334,0.6666666666666666,1348350801.666667
False,B,2020-05-15 06:15:00,15,26.24666666666667,25.33333333333333,5.866666666666665,1348350806.8666666
False,B,2020-05-15 06:30:00,15,56.114285714285714,54.32142857142857,14.714285714285715,1348350815.7142856
False,B,2020-05-15 06:45:00,15,149.70666666666668,146.31999999999996,37.33333333333332,1348350838.3333333
False,B,2020-05-15 07:00:00,15,300.17999999999995,294.8533333333334,93.8,1348350894.8
False,B,2020-05-15 07:15:00,15,377.19333333333327,370.69333333333327,178.33333333333334,1348350979.3333335
False,B,2020-05-15 07:30:00,15,453.4466666666667,445.0199999999999,278.93333333333334,1348351079.9333332
False,B,2020-05-15 07:45:00,15,539.0466666666665,528.36,405.8666666666666,1348351206.8666668
False,B,2020-05-15 08:00:00,15,553.3785714285714,542.3785714285715,534.4285714285713,1348351335.4285717
False,B,2020-05-15 08:15:00,15,629.4733333333335,616.6866666666668,673.9333333333333,1348351474.9333334
False,B,2020-05-15 08:30:00,15,717.42,702.5466666666665,839.4666666666667,1348351640.4666667
False,B,2020-05-15 08:45:00,15,796.3199999999998,779.4666666666664,1030.4,1348351831.4
False,B,2020-05-15 09:00:00,15,837.126666666667,819.2400000000001,1229.4666666666667,1348352030.4666665
False,B,2020-05-15 09:15:00,15,904.2533333333334,884.6133333333332,1444.2,1348352245.2
False,B,2020-05-15 09:30:00,15,973.8785714285711,952.3857142857144,1671.642857142857,1348352472.6428573
False,B,2020-05-15 09:45:00,15,1029.2533333333336,1006.22,1908.2666666666664,1348352709.266667
False,B,2020-05-15 10:00:00,15,1065.96,1041.9066666666668,2170.2666666666664,1348352971.2666664
False,B,2020-05-15 10:15:00,15,1127.9533333333334,1101.6933333333334,2440.266666666666,1348353241.266667
False,B,2020-05-15 10:30:00,15,1168.8133333333335,1139.76,2725.2,1348353526.2
False,B,2020-05-15 10:45:00,15,1207.55,1177.35,3010.2142857142862,1348353811.2142856
False,B,2020-05-15 11:00:00,15,1147.7133333333336,1119.0200000000002,3290.066666666667,1348354091.0666668
False,B,2020-05-15 11:15:00,15,1233.58,1202.7333333333331,3586.0,1348354387.0
False,B,2020-05-15 11:30:00,15,1248.8533333333332,1217.6333333333334,3891.7333333333327,1348354692.733333
False,B,2020-05-15 11:45:00,15,1220.993333333333,1190.4733333333334,4200.866666666667,1348355001.8666668
False,B,2020-05-15 12:00:00,15,1214.7071428571426,1184.3285714285714,4487.0,1348355288.0
False,B,2020-05-15 12:15:00,15,1252.5733333333335,1221.2733333333335,4786.2666666666655,1348355587.2666664
False,B,2020-05-15 12:30:00,15,1224.8933333333334,1194.2800000000002,5089.9333333333325,1348355890.9333332
False,B,2020-05-15 12:45:00,15,1268.7133333333334,1236.986666666667,5398.2,1348356199.1999998
False,B,2020-05-15 13:00:00,15,1204.2866666666664,1174.493333333333,5705.133333333333,1348356506.1333334
False,B,2020-05-15 13:15:00,15,1194.0500000000002,1164.5357142857142,5989.857142857142,1348356790.8571432
False,B,2020-05-15 13:30:00,15,1189.14,1159.94,6274.8,1348357075.8
False,B,2020-05-15 13:45:00,15,1165.3200000000002,1137.3666666666668,6565.533333333333,1348357366.5333333
False,B,2020-05-15 14:00:00,15,1128.3066666666666,1102.186666666667,6848.333333333335,1348357649.3333333
False,B,2020-05-15 14:15:00,15,1120.0666666666664,1094.4666666666667,7129.533333333334,1348357930.5333338
False,B,2020-05-15 14:30:00,15,941.1357142857144,920.4428571428572,7382.642857142858,1348358183.6428568
False,B,2020-05-15 14:45:00,15,959.42,938.2866666666664,7601.4,1348358402.4
False,B,2020-05-15 15:00:00,15,917.366666666667,897.38,7837.733333333331,1348358638.733333
False,B,2020-05-15 15:15:00,15,855.0066666666665,836.6,8060.266666666667,1348358861.2666664
False,B,2020-05-15 15:30:00,15,639.5133333333332,626.4733333333334,8245.266666666666,1348359046.266667
False,B,2020-05-15 15:45:00,15,734.0785714285715,718.7928571428571,8407.42857142857,1348359208.4285717
False,B,2020-05-15 16:00:00,15,652.7333333333333,639.4133333333334,8577.800000000001,1348359378.8
False,B,2020-05-15 16:15:00,15,472.02,462.9733333333333,8715.33333333333,1348359516.3333335
False,B,2020-05-15 16:30:00,15,421.8533333333333,414.3866666666666,8825.133333333331,1348359626.1333334
False,B,2020-05-15 16:45:00,15,354.94666666666666,348.5733333333334,8932.533333333331,1348359733.5333333
False,B,2020-05-15 17:00:00,15,265.1928571428572,260.3357142857143,8998.142857142857,1348359799.1428573
False,B,2020-05-15 17:15:00,15,189.38666666666663,185.64,9053.2,1348359854.2000003
False,B,2020-05-15 17:30:00,15,92.59333333333332,90.01333333333332,9090.333333333332,1348359891.3333333
False,B,2020-05-15 17:45:00,15,37.5,36.220000000000006,9104.666666666666,1348359905.6666667
False,B,2020-05-15 18:00:00,15,23.96,23.14,9111.933333333336,1348359912.9333334
False,B,2020-05-15 18:15:00,15,14.771428571428572,14.25714285714286,9116.57142857143,1348359917.5714283
False,B,2020-05-15 18:30:00,15,1.9000000000000004,1.8266666666666669,9118.93333333333,1348359919.9333336
False,B,2020-05-15 18:45:00,15,0.0,0.0,9119.0,1348359920.0
False,B,2020-05-15 19:00:00,15,0.0,0.0,9119.0,1348359920.0
False,B,2020-05-15 19:15:00,15,0.0,0.0,9119.0,1348359920.0
False,B,2020-05-15 19:30:00,15,0.0,0.0,9119.0,1348359920.0
False,B,2020-05-15 19:45:00,15,0.0,0.0,9119.0,1348359920.0
False,B,2020-05-15 20:00:00,15,0.0,0.0,9119.0,1348359920.0
False,B,2020-05-15 20:15:00,15,0.0,0.0,9119.0,1348359920.0
False,B,2020-05-15 20:30:00,15,0.0,0.0,9119.0,1348359920.0
False,B,2020-05-15 20:45:00,15,0.0,0.0,9119.0,1348359920.0
False,B,2020-05-15 21:00:00,15,0.0,0.0,9119.0,1348359920.0
False,B,2020-05-15 21:15:00,15,0.0,0.0,9119.0,1348359920.0
False,B,2020-05-15 21:30:00,15,0.0,0.0,9119.0,1348359920.0
False,B,2020-05-15 21:45:00,15,0.0,0.0,9119.0,1348359920.0
False,B,2020-05-15 22:00:00,15,0.0,0.0,9119.0,1348359920.0
False,B,2020-05-15 22:15:00,15,0.0,0.0,9119.0,1348359920.0
False,B,2020-05-15 22:30:00,15,0.0,0.0,9119.0,1348359920.0
False,B,2020-05-15 22:45:00,15,0.0,0.0,9119.0,1348359920.0
False,B,2020-05-15 23:00:00,15,0.0,0.0,9119.0,1348359920.0
False,B,2020-05-15 23:30:00,15,0.0,0.0,9119.0,1348359920.0
False,B,2020-05-15 23:45:00,15,0.0,0.0,9119.0,1348359920.0
False,B,2020-05-16 00:00:00,15,0.0,0.0,9119.0,1348359920.0
False,B,2020-05-16 00:15:00,15,0.0,0.0,0.0,1348359920.0
False,B,2020-05-16 00:30:00,15,0.0,0.0,0.0,1348359920.0
False,B,2020-05-16 00:45:00,15,0.0,0.0,0.0,1348359920.0
False,B,2020-05-16 01:00:00,15,0.0,0.0,0.0,1348359920.0
False,B,2020-05-16 01:15:00,15,0.0,0.0,0.0,1348359920.0
False,B,2020-05-16 01:30:00,15,0.0,0.0,0.0,1348359920.0
False,B,2020-05-16 01:45:00,15,0.0,0.0,0.0,1348359920.0
False,B,2020-05-16 02:00:00,15,0.0,0.0,0.0,1348359920.0
False,B,2020-05-16 02:15:00,15,0.0,0.0,0.0,1348359920.0
False,B,2020-05-16 02:30:00,15,0.0,0.0,0.0,1348359920.0
False,B,2020-05-16 02:45:00,15,0.0,0.0,0.0,1348359920.0
False,B,2020-05-16 03:00:00,15,0.0,0.0,0.0,1348359920.0
False,B,2020-05-16 03:15:00,15,0.0,0.0,0.0,1348359920.0
False,B,2020-05-16 03:30:00,15,0.0,0.0,0.0,1348359920.0
False,B,2020-05-16 03:45:00,15,0.0,0.0,0.0,1348359920.0
False,B,2020-05-16 04:00:00,15,0.0,0.0,0.0,1348359920.0
False,B,2020-05-16 04:15:00,15,0.0,0.0,0.0,1348359920.0
False,B,2020-05-16 04:30:00,15,0.0,0.0,0.0,1348359920.0
False,B,2020-05-16 04:45:00,15,0.0,0.0,0.0,1348359920.0
False,B,2020-05-16 05:00:00,15,0.0,0.0,0.0,1348359920.0
False,B,2020-05-16 05:15:00,15,0.0,0.0,0.0,1348359920.0
False,B,2020-05-16 05:30:00,15,0.0,0.0,0.0,1348359920.0
False,B,2020-05-16 05:45:00,15,0.0,0.0,0.0,1348359920.0
False,B,2020-05-16 06:00:00,15,13.946666666666664,13.466666666666663,0.7333333333333333,1348359920.7333336
False,B,2020-05-16 06:15:00,15,46.60666666666668,45.06666666666667,7.866666666666665,1348359927.8666666
False,B,2020-05-16 06:30:00,15,85.40666666666665,82.87333333333333,23.666666666666668,1348359943.6666667
False,B,2020-05-16 06:45:00,15,124.82666666666664,121.41333333333333,49.400000000000006,1348359969.4
False,B,2020-05-16 07:00:00,15,166.29999999999995,162.9142857142857,84.99999999999999,1348360005.0
False,B,2020-05-16 07:15:00,15,246.57333333333327,241.8933333333333,130.66666666666666,1348360050.6666667
False,B,2020-05-16 07:30:00,15,386.5333333333333,379.8266666666667,212.46666666666667,1348360132.4666667
False,B,2020-05-16 07:45:00,15,369.73333333333335,363.21333333333337,307.79999999999995,1348360227.8000002
False,B,2020-05-16 08:00:00,15,540.86,530.1466666666666,416.53333333333336,1348360336.5333335
False,B,2020-05-16 08:15:00,15,613.2428571428571,600.8571428571428,556.9285714285716,1348360476.9285717
False,B,2020-05-16 08:30:00,15,692.8933333333332,678.5933333333334,710.9333333333333,1348360630.9333334
False,B,2020-05-16 08:45:00,15,738.54,723.14,891.8,1348360811.8000002
False,B,2020-05-16 09:00:00,15,832.3533333333332,814.5933333333331,1084.9333333333334,1348361004.9333334
False,B,2020-05-16 09:15:00,15,895.0785714285715,875.6857142857142,1292.7857142857144,1348361212.785714
False,B,2020-05-16 09:30:00,15,947.94,927.1466666666668,1513.1333333333337,1348361433.1333334
False,B,2020-05-16 09:45:00,15,794.44,776.8266666666666,1749.1333333333334,1348361669.1333334
True,B,2020-05-16 10:00:00,15,0.0,0.0,1839.0,1348361759.0
True,B,2020-05-16 10:15:00,15,0.0,0.0,1839.0,1348361759.0
True,B,2020-05-16 10:30:00,15,0.0,0.0,1839.0,1348361759.0
True,B,2020-05-16 10:45:00,15,0.0,0.0,1839.0,1348361759.0
True,B,2020-05-16 11:00:00,15,0.0,0.0,1839.0,1348361759.0
True,B,2020-05-16 11:15:00,15,0.0,0.0,1839.0,1348361759.0
True,B,2020-05-16 11:30:00,15,0.0,0.0,1839.0,1348361759.0
True,B,2020-05-16 11:45:00,15,0.0,0.0,1839.0,1348361759.0
True,B,2020-05-16 12:00:00,15,0.0,0.0,1839.0,1348361759.0
False,B,2020-05-16 12:15:00,15,276.72,271.26666666666665,1854.2,1348361774.2
False,B,2020-05-16 12:30:00,15,268.3999999999999,262.68000000000006,1955.8666666666663,1348361875.8666666
True,B,2020-05-16 12:45:00,15,0.0,0.0,1968.0,1348361888.0
True,B,2020-05-16 13:00:00,15,0.0,0.0,1968.0,1348361888.0
True,B,2020-05-16 13:15:00,15,0.0,0.0,1968.0,1348361888.0
True,B,2020-05-16 13:30:00,15,0.0,0.0,1968.0,1348361888.0
True,B,2020-05-16 13:45:00,15,0.0,0.0,1968.0,1348361888.0
False,B,2020-05-16 14:00:00,15,275.44,269.7533333333334,1980.0,1348361900.0
False,B,2020-05-16 14:15:00,15,219.4928571428572,214.8785714285714,2076.0714285714284,1348361996.0714288
True,B,2020-05-16 14:30:00,15,0.0,0.0,2083.0,1348362003.0
False,B,2020-05-16 14:45:00,15,654.7866666666667,641.3000000000001,2156.8,1348362076.8
False,B,2020-05-16 15:00:00,15,619.4933333333332,606.8800000000001,2328.0,1348362247.9999998
False,B,2020-05-16 15:15:00,15,384.12666666666655,377.3733333333333,2438.333333333333,1348362358.3333333
False,B,2020-05-16 15:30:00,15,504.05000000000007,494.45714285714286,2550.1428571428573,1348362470.1428573
False,B,2020-05-16 15:45:00,15,423.20666666666665,415.5266666666667,2660.1333333333337,1348362580.1333334
False,B,2020-05-16 16:00:00,15,301.16,295.5466666666667,2754.9333333333334,1348362674.9333336
False,B,2020-05-16 16:15:00,15,283.3666666666666,277.9866666666666,2825.5333333333333,1348362745.5333335
False,B,2020-05-16 16:30:00,15,154.91333333333333,151.50666666666666,2882.6,1348362802.6
False,B,2020-05-16 16:45:00,15,104.86428571428571,102.04285714285716,2908.5714285714284,1348362828.5714288
False,B,2020-05-16 17:00:00,15,136.98,133.77333333333334,2941.866666666667,1348362861.8666663
False,B,2020-05-16 17:15:00,15,46.57333333333334,45.08,2963.666666666666,1348362883.6666667
False,B,2020-05-16 17:30:00,15,16.3,15.746666666666666,2970.7333333333327,1348362890.7333336
False,B,2020-05-16 17:45:00,15,8.48,8.166666666666664,2973.5333333333333,1348362893.5333328
False,B,2020-05-16 18:00:00,15,0.0,0.0,2974.0,1348362894.0
False,B,2020-05-16 18:15:00,15,0.0,0.0,2974.0,1348362894.0
False,B,2020-05-16 18:30:00,15,0.0,0.0,2974.0,1348362894.0
False,B,2020-05-16 18:45:00,15,0.0,0.0,2974.0,1348362894.0
False,B,2020-05-16 19:00:00,15,0.0,0.0,2974.0,1348362894.0
False,B,2020-05-16 19:15:00,15,0.0,0.0,2974.0,1348362894.0
False,B,2020-05-16 19:30:00,15,0.0,0.0,2974.0,1348362894.0
False,B,2020-05-16 19:45:00,15,0.0,0.0,2974.0,1348362894.0
False,B,2020-05-16 20:00:00,15,0.0,0.0,2974.0,1348362894.0
False,B,2020-05-16 20:15:00,15,0.0,0.0,2974.0,1348362894.0
False,B,2020-05-16 20:30:00,15,0.0,0.0,2974.0,1348362894.0
False,B,2020-05-16 20:45:00,15,0.0,0.0,2974.0,1348362894.0
False,B,2020-05-16 21:00:00,15,0.0,0.0,2974.0,1348362894.0
False,B,2020-05-16 21:15:00,15,0.0,0.0,2974.0,1348362894.0
False,B,2020-05-16 21:30:00,15,0.0,0.0,2974.0,1348362894.0
False,B,2020-05-16 21:45:00,15,0.0,0.0,2974.0,1348362894.0
False,B,2020-05-16 22:00:00,15,0.0,0.0,2974.0,1348362894.0
False,B,2020-05-16 22:15:00,15,0.0,0.0,2974.0,1348362894.0
False,B,2020-05-16 22:30:00,15,0.0,0.0,2974.0,1348362894.0
False,B,2020-05-16 22:45:00,15,0.0,0.0,2974.0,1348362894.0
False,B,2020-05-16 23:00:00,15,0.0,0.0,2974.0,1348362894.0
False,B,2020-05-16 23:15:00,15,0.0,0.0,2974.0,1348362894.0
False,B,2020-05-16 23:30:00,15,0.0,0.0,2974.0,1348362894.0
False,B,2020-05-16 23:45:00,15,0.0,0.0,2974.0,1348362894.0
False,B,2020-05-17 00:00:00,15,0.0,0.0,2974.0,1348362894.0
False,B,2020-05-17 00:15:00,15,0.0,0.0,0.0,1348362894.0
False,B,2020-05-17 00:30:00,15,0.0,0.0,0.0,1348362894.0
False,B,2020-05-17 00:45:00,15,0.0,0.0,0.0,1348362894.0
False,B,2020-05-17 01:00:00,15,0.0,0.0,0.0,1348362894.0
False,B,2020-05-17 01:15:00,15,0.0,0.0,0.0,1348362894.0
False,B,2020-05-17 01:30:00,15,0.0,0.0,0.0,1348362894.0
False,B,2020-05-17 01:45:00,15,0.0,0.0,0.0,1348362894.0
False,B,2020-05-17 02:00:00,15,0.0,0.0,0.0,1348362894.0
False,B,2020-05-17 02:15:00,15,0.0,0.0,0.0,1348362894.0
False,B,2020-05-17 02:30:00,15,0.0,0.0,0.0,1348362894.0
False,B,2020-05-17 02:45:00,15,0.0,0.0,0.0,1348362894.0
False,B,2020-05-17 03:00:00,15,0.0,0.0,0.0,1348362894.0
False,B,2020-05-17 03:15:00,15,0.0,0.0,0.0,1348362894.0
False,B,2020-05-17 03:30:00,15,0.0,0.0,0.0,1348362894.0
False,B,2020-05-17 03:45:00,15,0.0,0.0,0.0,1348362894.0
False,B,2020-05-17 04:00:00,15,0.0,0.0,0.0,1348362894.0
False,B,2020-05-17 04:15:00,15,0.0,0.0,0.0,1348362894.0
False,B,2020-05-17 04:30:00,15,0.0,0.0,0.0,1348362894.0
False,B,2020-05-17 04:45:00,15,0.0,0.0,0.0,1348362894.0
False,B,2020-05-17 05:00:00,15,0.0,0.0,0.0,1348362894.0
False,B,2020-05-17 05:15:00,15,0.0,0.0,0.0,1348362894.0
False,B,2020-05-17 05:30:00,15,0.0,0.0,0.0,1348362894.0
False,B,2020-05-17 05:45:00,15,0.0,0.0,0.0,1348362894.0
False,B,2020-05-17 06:00:00,15,3.4466666666666663,3.326666666666667,0.2666666666666667,1348362894.266667
False,B,2020-05-17 06:15:00,15,24.033333333333328,23.2,4.0,1348362898.0000002
False,B,2020-05-17 06:30:00,15,35.22857142857143,34.04285714285715,11.214285714285714,1348362905.2142856
False,B,2020-05-17 06:45:00,15,41.953333333333326,40.56,20.4,1348362914.4
False,B,2020-05-17 07:00:00,15,67.10666666666667,65.00666666666667,33.26666666666667,1348362927.266667
False,B,2020-05-17 07:15:00,15,101.99333333333334,99.12666666666672,53.266666666666666,1348362947.266667
False,B,2020-05-17 07:30:00,15,186.40666666666664,182.54,87.66666666666666,1348362981.6666665
False,B,2020-05-17 07:45:00,15,324.7857142857143,318.9285714285714,145.64285714285714,1348363039.6428573
False,B,2020-05-17 08:00:00,15,557.7666666666668,546.8133333333333,248.7333333333333,1348363142.733333
False,B,2020-05-17 08:15:00,15,597.84,585.7933333333332,398.3999999999999,1348363292.4
False,B,2020-05-17 08:30:00,15,672.2133333333334,658.4066666666665,555.6,1348363449.5999997
False,B,2020-05-17 08:45:00,15,641.4533333333334,628.3733333333333,719.6666666666667,1348363613.666667
False,B,2020-05-17 09:00:00,15,715.9571428571429,701.0642857142857,877.0714285714284,1348363771.0714283
False,B,2020-05-17 09:15:00,15,917.0533333333334,897.0533333333334,1077.4666666666665,1348363971.4666665
False,B,2020-05-17 09:30:00,15,865.6666666666667,846.92,1306.4666666666667,1348364200.4666667
False,B,2020-05-17 09:45:00,15,932.28,911.8466666666668,1522.0,1348364416.0
False,B,2020-05-17 10:00:00,15,856.5066666666665,838.0800000000002,1747.0666666666664,1348364641.0666666
False,B,2020-05-17 10:15:00,15,775.3142857142858,758.8714285714285,1947.5,1348364841.4999998
False,B,2020-05-17 10:30:00,15,885.4066666666668,866.1666666666665,2132.1333333333328,1348365026.1333332
False,B,2020-05-17 10:45:00,15,1008.0266666666666,985.2933333333332,2368.4666666666667,1348365262.4666665
False,B,2020-05-17 11:00:00,15,1018.1533333333332,995.2466666666666,2621.5333333333333,1348365515.5333335
False,B,2020-05-17 11:15:00,15,941.16,920.48,2873.6666666666665,1348365767.6666665
False,B,2020-05-17 11:30:00,15,707.15,692.5071428571428,3067.857142857143,1348365961.8571432
False,B,2020-05-17 11:45:00,15,656.1333333333333,642.74,3229.2,1348366123.1999998
False,B,2020-05-17 12:00:00,15,754.54,738.7399999999999,3399.5333333333333,1348366293.5333333
False,B,2020-05-17 12:15:00,15,831.42,813.6666666666665,3597.333333333333,1348366491.3333333
False,B,2020-05-17 12:30:00,15,870.6266666666666,851.8600000000001,3809.6,1348366703.6
False,B,2020-05-17 12:45:00,15,986.6571428571428,964.8071428571428,4029.214285714285,1348366923.2142856
False,B,2020-05-17 13:00:00,15,1014.8199999999998,992.2,4270.533333333334,1348367164.5333335
False,B,2020-05-17 13:15:00,15,876.5333333333334,856.62,4221.133333333333,1258476255.5333335
False,B,2020-05-17 13:30:00,15,534.5533333333332,522.9733333333334,2497.0666666666666,1078694043.4666667
False,B,2020-05-17 13:45:00,15,1031.3066666666666,1008.0066666666668,4855.2,1348367749.1999998
False,B,2020-05-17 14:00:00,15,1080.2142857142858,1055.2714285714285,5121.857142857142,1348368015.8571427
False,B,2020-05-17 14:15:00,15,1012.2666666666668,989.7133333333333,5367.466666666665,1348368261.4666667
False,B,2020-05-17 14:30:00,15,821.6999999999998,804.0199999999999,5609.4,1348368503.4
False,B,2020-05-17 14:45:00,15,623.1266666666667,610.5533333333334,5782.9333333333325,1348368676.9333334
False,B,2020-05-17 15:00:00,15,438.52,430.5333333333333,5913.400000000001,1348368807.4
False,B,2020-05-17 15:15:00,15,361.0571428571428,354.8928571428571,6006.642857142857,1348368900.6428573
False,B,2020-05-17 15:30:00,15,417.7333333333335,410.3733333333333,6099.0,1348368993.0
False,B,2020-05-17 15:45:00,15,414.6266666666668,407.32666666666665,6205.733333333333,1348369099.733333
False,B,2020-05-17 16:00:00,15,411.1533333333333,403.94,6306.333333333333,1348369200.3333333
False,B,2020-05-17 16:15:00,15,632.1928571428571,619.3357142857143,6434.000000000001,1348369328.0
False,B,2020-05-17 16:30:00,15,600.5714285714286,588.4857142857142,6585.357142857143,1348369479.3571427
False,B,2020-05-17 16:45:00,15,459.1666666666666,450.44,6713.9333333333325,1348369607.9333332
False,B,2020-05-17 17:00:00,15,137.45333333333332,134.05333333333334,6786.933333333334,1348369680.9333332
False,B,2020-05-17 17:15:00,15,159.5666666666667,156.02,6817.9333333333325,1348369711.9333334
False,B,2020-05-17 17:30:00,15,226.16,221.74666666666667,6869.733333333335,1348369763.733333
False,B,2020-05-17 17:45:00,15,114.02142857142856,110.95,6912.142857142856,1348369806.1428568
False,B,2020-05-17 18:00:00,15,102.06666666666668,99.16666666666669,6936.6,1348369830.6
False,B,2020-05-17 18:15:00,15,38.55333333333334,37.286666666666655,6955.066666666667,1348369849.0666666
False,B,2020-05-17 18:30:00,15,6.993333333333333,6.753333333333332,6959.866666666667,1348369853.8666663
False,B,2020-05-17 18:45:00,15,0.0,0.0,6960.0,1348369854.0
False,B,2020-05-17 19:00:00,15,0.0,0.0,6960.0,1348369854.0
False,B,2020-05-17 19:15:00,15,0.0,0.0,6960.0,1348369854.0
False,B,2020-05-17 19:30:00,15,0.0,0.0,6960.0,1348369854.0
False,B,2020-05-17 19:45:00,15,0.0,0.0,6960.0,1348369854.0
False,B,2020-05-17 20:00:00,15,0.0,0.0,6960.0,1348369854.0
False,B,2020-05-17 20:15:00,15,0.0,0.0,6960.0,1348369854.0
False,B,2020-05-17 20:30:00,15,0.0,0.0,6960.0,1348369854.0
False,B,2020-05-17 20:45:00,15,0.0,0.0,6960.0,1348369854.0
False,B,2020-05-17 21:00:00,15,0.0,0.0,6960.0,1348369854.0
False,B,2020-05-17 21:15:00,15,0.0,0.0,6960.0,1348369854.0
False,B,2020-05-17 21:30:00,15,0.0,0.0,6960.0,1348369854.0
False,B,2020-05-17 21:45:00,15,0.0,0.0,6960.0,1348369854.0
False,B,2020-05-17 22:00:00,15,0.0,0.0,6960.0,1348369854.0
False,B,2020-05-17 22:15:00,15,0.0,0.0,6960.0,1348369854.0
False,B,2020-05-17 22:30:00,15,0.0,0.0,6960.0,1348369854.0
False,B,2020-05-17 22:45:00,15,0.0,0.0,6960.0,1348369854.0
False,B,2020-05-17 23:00:00,15,0.0,0.0,6960.0,1348369854.0
False,B,2020-05-17 23:15:00,15,0.0,0.0,6960.0,1348369854.0
False,B,2020-05-17 23:30:00,15,0.0,0.0,6960.0,1348369854.0
False,B,2020-05-17 23:45:00,15,0.0,0.0,6960.0,1348369854.0
False,B,2020-05-18 00:00:00,15,0.0,0.0,6960.0,1348369854.0
False,B,2020-05-18 00:15:00,15,0.0,0.0,0.0,1348369854.0
False,B,2020-05-18 00:30:00,15,0.0,0.0,0.0,1348369854.0
False,B,2020-05-18 00:45:00,15,0.0,0.0,0.0,1348369854.0
False,B,2020-05-18 01:00:00,15,0.0,0.0,0.0,1348369854.0
False,B,2020-05-18 01:15:00,15,0.0,0.0,0.0,1348369854.0
False,B,2020-05-18 01:30:00,15,0.0,0.0,0.0,1348369854.0
False,B,2020-05-18 01:45:00,15,0.0,0.0,0.0,1348369854.0
False,B,2020-05-18 02:00:00,15,0.0,0.0,0.0,1348369854.0
False,B,2020-05-18 02:15:00,15,0.0,0.0,0.0,1348369854.0
False,B,2020-05-18 02:30:00,15,0.0,0.0,0.0,1348369854.0
False,B,2020-05-18 02:45:00,15,0.0,0.0,0.0,1348369854.0
False,B,2020-05-18 03:00:00,15,0.0,0.0,0.0,1348369854.0
False,B,2020-05-18 03:15:00,15,0.0,0.0,0.0,1348369854.0
False,B,2020-05-18 03:30:00,15,0.0,0.0,0.0,1348369854.0
False,B,2020-05-18 03:45:00,15,0.0,0.0,0.0,1348369854.0
False,B,2020-05-18 04:00:00,15,0.0,0.0,0.0,1348369854.0
False,B,2020-05-18 04:15:00,15,0.0,0.0,0.0,1348369854.0
False,B,2020-05-18 04:30:00,15,0.0,0.0,0.0,1348369854.0
False,B,2020-05-18 04:45:00,15,0.0,0.0,0.0,1348369854.0
False,B,2020-05-18 05:00:00,15,0.0,0.0,0.0,1348369854.0
False,B,2020-05-18 05:15:00,15,0.0,0.0,0.0,1348369854.0
False,B,2020-05-18 05:30:00,15,0.0,0.0,0.0,1348369854.0
False,B,2020-05-18 05:45:00,15,0.0,0.0,0.0,1348369854.0
False,B,2020-05-18 06:00:00,15,0.0,0.0,0.0,1348369854.0
False,B,2020-05-18 06:15:00,15,0.0,0.0,0.0,1348369854.0
False,B,2020-05-18 06:30:00,15,0.0,0.0,0.0,1348369854.0
False,B,2020-05-18 06:45:00,15,0.0,0.0,0.0,1348369854.0
False,B,2020-05-18 07:00:00,15,0.7133333333333333,0.686666666666667,0.0,1348369854.0
False,B,2020-05-18 07:15:00,15,14.773333333333332,14.266666666666664,2.333333333333333,1348369856.3333333
False,B,2020-05-18 07:30:00,15,28.38571428571429,27.40714285714285,7.0,1348369860.9999998
False,B,2020-05-18 07:45:00,15,59.193333333333335,57.32666666666666,16.8,1348369870.8
False,B,2020-05-18 08:00:00,15,169.97333333333333,166.26000000000002,42.13333333333334,1348369896.1333332
False,B,2020-05-18 08:15:00,15,324.3666666666667,318.7266666666667,104.2,1348369958.1999996
False,B,2020-05-18 08:30:00,15,417.68,410.2266666666666,196.53333333333333,1348370050.5333333
False,B,2020-05-18 08:45:00,15,551.2,540.2357142857143,313.07142857142856,1348370167.0714288
False,B,2020-05-18 09:00:00,15,592.4666666666666,580.5666666666667,448.33333333333337,1348370302.3333335
False,B,2020-05-18 09:15:00,15,663.1666666666665,649.5599999999998,606.9999999999999,1348370461.0000002
False,B,2020-05-18 09:30:00,15,820.8600000000001,803.3666666666666,783.4666666666667,1348370637.4666667
False,B,2020-05-18 09:45:00,15,256.52000000000004,250.87333333333336,951.4,1348370805.3999996
True,B,2020-05-18 10:00:00,15,0.0,0.0,961.0,1348370815.0
True,B,2020-05-18 10:15:00,15,0.0,0.0,961.0,1348370815.0
True,B,2020-05-18 10:30:00,15,0.0,0.0,961.0,1348370815.0
False,B,2020-05-18 10:45:00,15,561.5133333333333,550.04,1015.8666666666666,1348370869.8666668
False,B,2020-05-18 11:00:00,15,970.3071428571428,948.8714285714284,1208.571428571429,1348371062.5714283
False,B,2020-05-18 11:15:00,15,1032.0666666666664,1008.9666666666668,1453.1333333333332,1348371307.1333332
False,B,2020-05-18 11:30:00,15,1083.4533333333334,1058.9,1709.6,1348371563.6
False,B,2020-05-18 11:45:00,15,1171.4799999999998,1143.1666666666663,1987.6,1348371841.6
False,B,2020-05-18 12:00:00,15,1210.64,1180.5333333333335,2284.066666666667,1348372138.0666666
False,B,2020-05-18 12:15:00,15,1106.114285714286,1079.8857142857144,2562.642857142857,1348372416.6428573
False,B,2020-05-18 12:30:00,15,1187.7533333333336,1158.7733333333333,2834.2,1348372688.2
False,B,2020-05-18 12:45:00,15,1011.78,988.5666666666668,3112.2666666666664,1348372966.266667
False,B,2020-05-18 13:00:00,15,1045.7066666666667,1021.5199999999998,3358.266666666667,1348373212.266667
False,B,2020-05-18 13:15:00,15,1074.9066666666668,1050.0866666666666,3629.0666666666666,1348373483.0666666
False,B,2020-05-18 13:30:00,15,1147.3785714285716,1119.9,3887.0,1348373741.0
False,B,2020-05-18 13:45:00,15,1115.2599999999998,1089.3933333333334,4163.466666666667,1348374017.4666667
False,B,2020-05-18 14:00:00,15,1052.2199999999998,1028.54,4426.466666666665,1348374280.4666665
False,B,2020-05-18 14:15:00,15,1048.84,1025.2866666666669,4691.266666666667,1348374545.2666662
False,B,2020-05-18 14:30:00,15,996.9733333333332,974.8466666666666,4943.400000000001,1348374797.4
False,B,2020-05-18 14:45:00,15,944.9285714285712,924.2142857142858,5175.214285714284,1348375029.214286
False,B,2020-05-18 15:00:00,15,883.56,864.4,5402.200000000001,1348375256.2
False,B,2020-05-18 15:15:00,15,686.1266666666668,671.92,5595.533333333333,1348375449.5333335
False,B,2020-05-18 15:30:00,15,510.62000000000006,500.82,5748.866666666667,1348375602.8666668
False,B,2020-05-18 15:45:00,15,506.14666666666665,496.48,5867.733333333333,1348375721.733333
False,B,2020-05-18 16:00:00,15,615.1999999999999,602.7714285714285,6005.500000000001,1348375859.5
False,B,2020-05-18 16:15:00,15,555.7466666666667,544.6800000000001,6147.133333333333,1348376001.1333332
False,B,2020-05-18 16:30:00,15,377.91333333333336,371.24,6264.533333333333,1348376118.5333333
False,B,2020-05-18 16:45:00,15,263.21333333333337,258.14,6343.533333333334,1348376197.5333335
False,B,2020-05-18 17:00:00,15,246.36666666666667,241.56666666666663,6405.2666666666655,1348376259.266667
False,B,2020-05-18 17:15:00,15,189.11428571428573,185.33571428571423,6458.714285714284,1348376312.7142856
False,B,2020-05-18 17:30:00,15,123.14,119.77333333333335,6496.466666666667,1348376350.4666667
False,B,2020-05-18 17:45:00,15,80.64,78.23333333333335,6520.933333333332,1348376374.9333334
False,B,2020-05-18 18:00:00,15,50.93999999999999,49.266666666666666,6537.466666666667,1348376391.4666667
False,B,2020-05-18 18:15:00,15,24.89333333333333,24.026666666666667,6546.333333333334,1348376400.3333335
False,B,2020-05-18 18:30:00,15,5.9071428571428575,5.692857142857142,6550.428571428572,1348376404.4285717
False,B,2020-05-18 18:45:00,15,0.0,0.0,6551.0,1348376405.0
False,B,2020-05-18 19:00:00,15,0.0,0.0,6551.0,1348376405.0
False,B,2020-05-18 19:15:00,15,0.0,0.0,6551.0,1348376405.0
False,B,2020-05-18 19:30:00,15,0.0,0.0,6551.0,1348376405.0
False,B,2020-05-18 19:45:00,15,0.0,0.0,6551.0,1348376405.0
False,B,2020-05-18 20:00:00,15,0.0,0.0,6551.0,1348376405.0
False,B,2020-05-18 20:15:00,15,0.0,0.0,6551.0,1348376405.0
False,B,2020-05-18 20:30:00,15,0.0,0.0,6551.0,1348376405.0
False,B,2020-05-18 20:45:00,15,0.0,0.0,6551.0,1348376405.0
False,B,2020-05-18 21:00:00,15,0.0,0.0,6551.0,1348376405.0
False,B,2020-05-18 21:15:00,15,0.0,0.0,6551.0,1348376405.0
False,B,2020-05-18 21:30:00,15,0.0,0.0,6551.0,1348376405.0
False,B,2020-05-18 21:45:00,15,0.0,0.0,6551.0,1348376405.0
False,B,2020-05-18 22:00:00,15,0.0,0.0,6551.0,1348376405.0
False,B,2020-05-18 22:15:00,15,0.0,0.0,6551.0,1348376405.0
False,B,2020-05-18 22:30:00,15,0.0,0.0,6551.0,1348376405.0
False,B,2020-05-18 22:45:00,15,0.0,0.0,6551.0,1348376405.0
False,B,2020-05-18 23:00:00,15,0.0,0.0,6551.0,1348376405.0
False,B,2020-05-18 23:15:00,15,0.0,0.0,6551.0,1348376405.0
False,B,2020-05-18 23:30:00,15,0.0,0.0,6551.0,1348376405.0
False,B,2020-05-18 23:45:00,15,0.0,0.0,6551.0,1348376405.0
False,B,2020-05-19 00:00:00,15,0.0,0.0,6551.0,1348376405.0
False,B,2020-05-19 00:15:00,15,0.0,0.0,0.0,1348376405.0
False,B,2020-05-19 00:30:00,15,0.0,0.0,0.0,1348376405.0
False,B,2020-05-19 00:45:00,15,0.0,0.0,0.0,1348376405.0
False,B,2020-05-19 01:00:00,15,0.0,0.0,0.0,1348376405.0
False,B,2020-05-19 01:15:00,15,0.0,0.0,0.0,1348376405.0
False,B,2020-05-19 01:30:00,15,0.0,0.0,0.0,1348376405.0
False,B,2020-05-19 01:45:00,15,0.0,0.0,0.0,1348376405.0
False,B,2020-05-19 02:00:00,15,0.0,0.0,0.0,1348376405.0
False,B,2020-05-19 02:15:00,15,0.0,0.0,0.0,1348376405.0
False,B,2020-05-19 02:30:00,15,0.0,0.0,0.0,1348376405.0
False,B,2020-05-19 02:45:00,15,0.0,0.0,0.0,1348376405.0
False,B,2020-05-19 03:00:00,15,0.0,0.0,0.0,1348376405.0
False,B,2020-05-19 03:15:00,15,0.0,0.0,0.0,1348376405.0
False,B,2020-05-19 03:30:00,15,0.0,0.0,0.0,1348376405.0
False,B,2020-05-19 03:45:00,15,0.0,0.0,0.0,1348376405.0
False,B,2020-05-19 04:00:00,15,0.0,0.0,0.0,1348376405.0
False,B,2020-05-19 04:15:00,15,0.0,0.0,0.0,1348376405.0
False,B,2020-05-19 04:30:00,15,0.0,0.0,0.0,1348376405.0
False,B,2020-05-19 04:45:00,15,0.0,0.0,0.0,1348376405.0
False,B,2020-05-19 05:00:00,15,0.0,0.0,0.0,1348376405.0
False,B,2020-05-19 05:15:00,15,0.0,0.0,0.0,1348376405.0
False,B,2020-05-19 05:30:00,15,0.0,0.0,0.0,1348376405.0
False,B,2020-05-19 05:45:00,15,0.0,0.0,0.0,1348376405.0
False,B,2020-05-19 06:00:00,15,8.035714285714285,7.750000000000002,0.0714285714285714,1348376405.0714283
False,B,2020-05-19 06:15:00,15,48.17999999999999,46.59333333333334,6.466666666666667,1348376411.4666667
False,B,2020-05-19 06:30:00,15,80.20666666666665,77.80666666666666,21.933333333333334,1348376426.9333332
False,B,2020-05-19 06:45:00,15,116.73333333333332,113.50666666666667,46.53333333333333,1348376451.5333333
False,B,2020-05-19 07:00:00,15,144.12857142857143,140.52142857142854,77.07142857142857,1348376482.0714283
False,B,2020-05-19 07:15:00,15,317.4466666666666,311.78666666666675,128.06666666666666,1348376533.0666668
False,B,2020-05-19 07:30:00,15,457.26,448.5933333333333,231.06666666666663,1348376636.0666664
False,B,2020-05-19 07:45:00,15,433.03333333333336,425.2066666666667,340.5333333333333,1348376745.5333333
False,B,2020-05-19 08:00:00,15,416.8200000000001,409.22,452.4666666666666,1348376857.4666667
False,B,2020-05-19 08:15:00,15,460.5928571428572,451.8571428571428,549.7857142857143,1348376954.785714
False,B,2020-05-19 08:30:00,15,485.7,476.4333333333333,675.1333333333332,1348377080.1333334
False,B,2020-05-19 08:45:00,15,330.32,324.32666666666665,770.9333333333332,1348377175.9333336
False,B,2020-05-19 09:00:00,15,676.7266666666666,662.7466666666667,901.6666666666664,1348377306.6666667
False,B,2020-05-19 09:15:00,15,426.53333333333336,418.74,1034.8666666666668,1348377439.8666668
False,B,2020-05-19 09:30:00,15,344.85714285714283,338.91428571428577,1130.7142857142856,1348377535.7142856
False,B,2020-05-19 09:45:00,15,337.12,331.33333333333326,1214.0666666666666,1348377619.0666668
False,B,2020-05-19 10:00:00,15,367.7466666666667,361.4466666666667,1299.1333333333332,1348377704.133333
False,B,2020-05-19 10:15:00,15,154.70000000000002,151.18666666666667,362.6666666666666,539351106.9333334
False,B,2020-05-19 10:30:00,15,217.3666666666667,212.68666666666667,1438.1999999999998,1348377843.1999998
True,B,2020-05-19 10:45:00,15,0.0,0.0,1449.0,1348377854.0
True,B,2020-05-19 11:00:00,15,0.0,0.0,1449.0,1348377854.0
True,B,2020-05-19 11:15:00,15,0.0,0.0,1449.0,1348377854.0
True,B,2020-05-19 11:30:00,15,0.0,0.0,1449.0,1348377854.0
True,B,2020-05-19 11:45:00,15,0.0,0.0,1449.0,1348377854.0
True,B,2020-05-19 12:00:00,15,0.0,0.0,1449.0,1348377854.0
True,B,2020-05-19 12:15:00,15,0.0,0.0,1449.0,1348377854.0
True,B,2020-05-19 12:30:00,15,0.0,0.0,1449.0,1348377854.0
True,B,2020-05-19 12:45:00,15,0.0,0.0,1449.0,1348377854.0
True,B,2020-05-19 13:00:00,15,0.0,0.0,1449.0,1348377854.0
True,B,2020-05-19 13:15:00,15,0.0,0.0,1449.0,1348377854.0
True,B,2020-05-19 13:30:00,15,0.0,0.0,1449.0,1348377854.0
True,B,2020-05-19 13:45:00,15,0.0,0.0,1449.0,1348377854.0
True,B,2020-05-19 14:00:00,15,0.0,0.0,1449.0,1348377854.0
False,B,2020-05-19 14:15:00,15,184.47142857142865,180.47142857142856,1477.5714285714284,1348377882.5714283
True,B,2020-05-19 14:30:00,15,0.0,0.0,1489.0,1348377894.0
False,B,2020-05-19 14:45:00,15,542.1066666666667,530.9266666666667,1540.2000000000005,1348377945.1999998
False,B,2020-05-19 15:00:00,15,544.8,533.9733333333334,1683.8666666666668,1348378088.8666666
False,B,2020-05-19 15:15:00,15,331.8666666666666,325.6266666666667,1804.0666666666668,1348378209.0666668
False,B,2020-05-19 15:30:00,15,152.57857142857142,149.21428571428575,1854.2142857142856,1348378259.214286
False,B,2020-05-19 15:45:00,15,81.45714285714284,79.20000000000002,1886.0,1348378291.0000002
False,B,2020-05-19 16:15:00,15,35.7,34.50000000000001,1903.5,1348378308.5
False,B,2020-05-19 16:30:00,15,84.97857142857143,82.45,1915.7142857142856,1348378320.7142856
False,B,2020-05-19 16:45:00,15,38.28,37.00666666666666,1931.4666666666665,1348378336.4666665
False,B,2020-05-19 17:00:00,15,21.700000000000003,20.94,1938.0,1348378343.0
False,B,2020-05-19 17:15:00,15,6.56,6.34,1941.6,1348378346.6
False,B,2020-05-19 17:30:00,15,0.0,0.0,1942.0,1348378347.0
False,B,2020-05-19 17:45:00,15,0.0,0.0,1942.0,1348378347.0
False,B,2020-05-19 18:00:00,15,0.0,0.0,1942.0,1348378347.0
False,B,2020-05-19 18:15:00,15,0.5266666666666666,0.5133333333333334,1942.0,1348378347.0
False,B,2020-05-19 18:30:00,15,0.0,0.0,1942.0,1348378347.0
False,B,2020-05-19 18:45:00,15,0.0,0.0,1942.0,1348378347.0
False,B,2020-05-19 19:00:00,15,0.0,0.0,1942.0,1348378347.0
False,B,2020-05-19 19:15:00,15,0.0,0.0,1942.0,1348378347.0
False,B,2020-05-19 19:30:00,15,0.0,0.0,1942.0,1348378347.0
False,B,2020-05-19 19:45:00,15,0.0,0.0,1942.0,1348378347.0
False,B,2020-05-19 20:00:00,15,0.0,0.0,1942.0,1348378347.0
False,B,2020-05-19 20:15:00,15,0.0,0.0,1942.0,1348378347.0
False,B,2020-05-19 20:30:00,15,0.0,0.0,1942.0,1348378347.0
False,B,2020-05-19 20:45:00,15,0.0,0.0,1942.0,1348378347.0
False,B,2020-05-19 21:00:00,15,0.0,0.0,1942.0,1348378347.0
False,B,2020-05-19 21:15:00,15,0.0,0.0,1942.0,1348378347.0
False,B,2020-05-19 21:30:00,15,0.0,0.0,1942.0,1348378347.0
False,B,2020-05-19 21:45:00,15,0.0,0.0,1942.0,1348378347.0
False,B,2020-05-19 22:00:00,15,0.0,0.0,1942.0,1348378347.0
False,B,2020-05-19 22:15:00,15,0.0,0.0,1942.0,1348378347.0
False,B,2020-05-19 22:30:00,15,0.0,0.0,1942.0,1348378347.0
False,B,2020-05-19 22:45:00,15,0.0,0.0,1942.0,1348378347.0
False,B,2020-05-19 23:00:00,15,0.0,0.0,1942.0,1348378347.0
False,B,2020-05-19 23:15:00,15,0.0,0.0,1942.0,1348378347.0
False,B,2020-05-19 23:30:00,15,0.0,0.0,1942.0,1348378347.0
False,B,2020-05-19 23:45:00,15,0.0,0.0,1942.0,1348378347.0
False,B,2020-05-20 00:00:00,15,0.0,0.0,1942.0,1348378347.0
False,B,2020-05-20 00:15:00,15,0.0,0.0,0.0,1348378347.0
False,B,2020-05-20 00:30:00,15,0.0,0.0,0.0,1348378347.0
False,B,2020-05-20 00:45:00,15,0.0,0.0,0.0,1348378347.0
False,B,2020-05-20 01:00:00,15,0.0,0.0,0.0,1348378347.0
False,B,2020-05-20 01:15:00,15,0.0,0.0,0.0,1348378347.0
False,B,2020-05-20 01:30:00,15,0.0,0.0,0.0,1348378347.0
False,B,2020-05-20 01:45:00,15,0.0,0.0,0.0,1348378347.0
False,B,2020-05-20 02:00:00,15,0.0,0.0,0.0,1348378347.0
False,B,2020-05-20 02:15:00,15,0.0,0.0,0.0,1348378347.0
False,B,2020-05-20 02:30:00,15,0.0,0.0,0.0,1348378347.0
False,B,2020-05-20 02:45:00,15,0.0,0.0,0.0,1348378347.0
False,B,2020-05-20 03:00:00,15,0.0,0.0,0.0,1348378347.0
False,B,2020-05-20 03:15:00,15,0.0,0.0,0.0,1348378347.0
False,B,2020-05-20 03:30:00,15,0.0,0.0,0.0,1348378347.0
False,B,2020-05-20 03:45:00,15,0.0,0.0,0.0,1348378347.0
False,B,2020-05-20 04:00:00,15,0.0,0.0,0.0,1348378347.0
False,B,2020-05-20 04:15:00,15,0.0,0.0,0.0,1348378347.0
False,B,2020-05-20 04:30:00,15,0.0,0.0,0.0,1348378347.0
False,B,2020-05-20 04:45:00,15,0.0,0.0,0.0,1348378347.0
False,B,2020-05-20 05:00:00,15,0.0,0.0,0.0,1348378347.0
False,B,2020-05-20 05:15:00,15,0.0,0.0,0.0,1348378347.0
False,B,2020-05-20 05:30:00,15,0.0,0.0,0.0,1348378347.0
False,B,2020-05-20 05:45:00,15,0.0,0.0,0.0,1348378347.0
False,B,2020-05-20 06:00:00,15,16.953333333333333,16.373333333333328,1.2666666666666673,1348378348.266667
False,B,2020-05-20 06:15:00,15,43.37857142857143,41.942857142857136,8.999999999999998,1348378356.0000002
False,B,2020-05-20 06:30:00,15,70.34,68.18666666666667,21.6,1348378368.6
False,B,2020-05-20 06:45:00,15,109.6,106.50666666666666,44.266666666666666,1348378391.266667
False,B,2020-05-20 07:00:00,15,145.67333333333332,142.15999999999997,74.26666666666665,1348378421.266667
False,B,2020-05-20 07:15:00,15,229.96,225.47333333333333,120.46666666666668,1348378467.4666665
False,B,2020-05-20 07:30:00,15,363.0,356.72142857142865,190.92857142857144,1348378537.9285717
False,B,2020-05-20 07:45:00,15,436.38,428.3266666666667,289.26666666666665,1348378636.266667
False,B,2020-05-20 08:00:00,15,488.39333333333326,478.94000000000005,407.3999999999999,1348378754.4
False,B,2020-05-20 08:15:00,15,547.6200000000001,536.8466666666666,530.6,1348378877.6
False,B,2020-05-20 08:30:00,15,678.5071428571429,664.5142857142856,675.2857142857141,1348379022.285714
False,B,2020-05-20 08:45:00,15,656.2133333333334,642.8066666666667,835.4000000000002,1348379182.4
False,B,2020-05-20 09:00:00,15,755.6133333333331,739.7666666666665,1013.2,1348379360.1999998
False,B,2020-05-20 09:15:00,15,508.2199999999999,497.34,1197.8,1348379544.8000002
True,B,2020-05-20 09:30:00,15,0.0,0.0,1235.0,1348379582.0
True,B,2020-05-20 09:45:00,15,0.0,0.0,1235.0,1348379582.0
True,B,2020-05-20 10:00:00,15,0.0,0.0,1235.0,1348379582.0
True,B,2020-05-20 10:15:00,15,0.0,0.0,1235.0,1348379582.0
True,B,2020-05-20 10:30:00,15,0.0,0.0,1235.0,1348379582.0
True,B,2020-05-20 10:45:00,15,0.0,0.0,1235.0,1348379582.0
True,B,2020-05-20 11:00:00,15,0.0,0.0,1235.0,1348379582.0
True,B,2020-05-20 11:15:00,15,0.0,0.0,1235.0,1348379582.0
True,B,2020-05-20 11:30:00,15,0.0,0.0,1235.0,1348379582.0
True,B,2020-05-20 11:45:00,15,0.0,0.0,1235.0,1348379582.0
True,B,2020-05-20 12:00:00,15,0.0,0.0,1235.0,1348379582.0
True,B,2020-05-20 12:15:00,15,0.0,0.0,1235.0,1348379582.0
True,B,2020-05-20 12:30:00,15,0.0,0.0,1235.0,1348379582.0
True,B,2020-05-20 12:45:00,15,0.0,0.0,1235.0,1348379582.0
True,B,2020-05-20 13:00:00,15,0.0,0.0,1235.0,1348379582.0
True,B,2020-05-20 13:15:00,15,0.0,0.0,1235.0,1348379582.0
True,B,2020-05-20 13:30:00,15,0.0,0.0,1235.0,1348379582.0
True,B,2020-05-20 13:45:00,15,0.0,0.0,1235.0,1348379582.0
True,B,2020-05-20 14:00:00,15,0.0,0.0,1235.0,1348379582.0
True,B,2020-05-20 14:15:00,15,0.0,0.0,1235.0,1348379582.0
True,B,2020-05-20 14:30:00,15,0.0,0.0,1235.0,1348379582.0
True,B,2020-05-20 14:45:00,15,0.0,0.0,1235.0,1348379582.0
False,B,2020-05-20 15:00:00,15,617.2333333333333,603.7533333333333,1285.7333333333331,1348379632.733333
False,B,2020-05-20 15:15:00,15,859.9933333333335,841.5133333333331,1498.2666666666662,1348379845.266667
False,B,2020-05-20 15:30:00,15,841.58,823.5733333333335,1708.6666666666667,1348380055.6666665
False,B,2020-05-20 15:45:00,15,769.7500000000001,753.5642857142858,1901.7857142857144,1348380248.785714
False,B,2020-05-20 16:00:00,15,604.68,592.4733333333334,2071.8,1348380418.8
False,B,2020-05-20 16:15:00,15,442.79333333333335,434.76,2197.0666666666666,1348380544.0666666
False,B,2020-05-20 16:30:00,15,361.4666666666666,355.3066666666668,2300.0,1348380647.0
False,B,2020-05-20 16:45:00,15,350.7466666666666,344.7933333333333,2385.466666666667,1348380732.4666667
False,B,2020-05-20 17:00:00,15,306.1928571428571,300.7285714285714,2466.8571428571427,1348380813.8571427
False,B,2020-05-20 17:15:00,15,268.06000000000006,262.90666666666675,2534.9333333333334,1348380881.9333334
False,B,2020-05-20 17:30:00,15,231.14,226.63333333333333,2598.4666666666667,1348380945.4666667
False,B,2020-05-20 17:45:00,15,161.85333333333332,158.27333333333328,2647.8,1348380994.8000002
False,B,2020-05-20 18:00:00,15,102.27333333333334,99.36666666666667,2680.0666666666666,1348381027.0666666
False,B,2020-05-20 18:15:00,15,51.385714285714286,49.70714285714286,2698.285714285714,1348381045.285714
False,B,2020-05-20 18:30:00,15,15.213333333333336,14.693333333333332,2706.1333333333328,1348381053.1333334
False,B,2020-05-20 18:45:00,15,0.0,0.0,2707.0,1348381054.0
False,B,2020-05-20 19:00:00,15,0.0,0.0,2707.0,1348381054.0
False,B,2020-05-20 19:15:00,15,0.0,0.0,2707.0,1348381054.0
False,B,2020-05-20 19:30:00,15,0.0,0.0,2707.0,1348381054.0
False,B,2020-05-20 19:45:00,15,0.0,0.0,2707.0,1348381054.0
False,B,2020-05-20 20:00:00,15,0.0,0.0,2707.0,1348381054.0
False,B,2020-05-20 20:15:00,15,0.0,0.0,2707.0,1348381054.0
False,B,2020-05-20 20:30:00,15,0.0,0.0,2707.0,1348381054.0
False,B,2020-05-20 20:45:00,15,0.0,0.0,2707.0,1348381054.0
False,B,2020-05-20 21:00:00,15,0.0,0.0,2707.0,1348381054.0
False,B,2020-05-20 21:15:00,15,0.0,0.0,2707.0,1348381054.0
False,B,2020-05-20 21:30:00,15,0.0,0.0,2707.0,1348381054.0
False,B,2020-05-20 21:45:00,15,0.0,0.0,2707.0,1348381054.0
False,B,2020-05-20 22:00:00,15,0.0,0.0,2707.0,1348381054.0
False,B,2020-05-20 22:15:00,15,0.0,0.0,2707.0,1348381054.0
False,B,2020-05-20 22:30:00,15,0.0,0.0,2707.0,1348381054.0
False,B,2020-05-20 22:45:00,15,0.0,0.0,2707.0,1348381054.0
False,B,2020-05-20 23:00:00,15,0.0,0.0,2707.0,1348381054.0
False,B,2020-05-20 23:15:00,15,0.0,0.0,2707.0,1348381054.0
False,B,2020-05-20 23:30:00,15,0.0,0.0,2707.0,1348381054.0
False,B,2020-05-20 23:45:00,15,0.0,0.0,2707.0,1348381054.0
False,B,2020-05-21 00:00:00,15,0.0,0.0,2707.0,1348381054.0
False,B,2020-05-21 00:15:00,15,0.0,0.0,0.0,1348381054.0
False,B,2020-05-21 00:30:00,15,0.0,0.0,0.0,1348381054.0
False,B,2020-05-21 00:45:00,15,0.0,0.0,0.0,1348381054.0
False,B,2020-05-21 01:00:00,15,0.0,0.0,0.0,1348381054.0
False,B,2020-05-21 01:15:00,15,0.0,0.0,0.0,1348381054.0
False,B,2020-05-21 01:30:00,15,0.0,0.0,0.0,1348381054.0
False,B,2020-05-21 01:45:00,15,0.0,0.0,0.0,1348381054.0
False,B,2020-05-21 02:00:00,15,0.0,0.0,0.0,1348381054.0
False,B,2020-05-21 02:15:00,15,0.0,0.0,0.0,1348381054.0
False,B,2020-05-21 02:30:00,15,0.0,0.0,0.0,1348381054.0
False,B,2020-05-21 02:45:00,15,0.0,0.0,0.0,1348381054.0
False,B,2020-05-21 03:00:00,15,0.0,0.0,0.0,1348381054.0
False,B,2020-05-21 03:15:00,15,0.0,0.0,0.0,1348381054.0
False,B,2020-05-21 03:30:00,15,0.0,0.0,0.0,1348381054.0
False,B,2020-05-21 03:45:00,15,0.0,0.0,0.0,1348381054.0
False,B,2020-05-21 04:00:00,15,0.0,0.0,0.0,1348381054.0
False,B,2020-05-21 04:15:00,15,0.0,0.0,0.0,1348381054.0
False,B,2020-05-21 04:30:00,15,0.0,0.0,0.0,1348381054.0
False,B,2020-05-21 04:45:00,15,0.0,0.0,0.0,1348381054.0
False,B,2020-05-21 05:00:00,15,0.0,0.0,0.0,1348381054.0
False,B,2020-05-21 05:15:00,15,0.0,0.0,0.0,1348381054.0
False,B,2020-05-21 05:30:00,15,0.0,0.0,0.0,1348381054.0
False,B,2020-05-21 05:45:00,15,0.0,0.0,0.0,1348381054.0
False,B,2020-05-21 06:00:00,15,11.699999999999998,11.28,1.0,1348381055.0
False,B,2020-05-21 06:15:00,15,44.71333333333333,43.24666666666667,7.866666666666667,1348381061.8666668
False,B,2020-05-21 06:30:00,15,86.61999999999999,84.1,23.866666666666667,1348381077.8666666
False,B,2020-05-21 06:45:00,15,131.30666666666664,127.97333333333331,49.73333333333333,1348381103.733333
False,B,2020-05-21 07:00:00,15,181.12142857142857,177.52142857142854,87.57142857142857,1348381141.5714283
False,B,2020-05-21 07:15:00,15,249.99333333333328,245.13333333333333,138.26666666666662,1348381192.266667
False,B,2020-05-21 07:30:00,15,354.2533333333333,348.22,212.4,1348381266.4
False,B,2020-05-21 07:45:00,15,419.18666666666667,411.7933333333335,310.40000000000003,1348381364.4
False,B,2020-05-21 08:00:00,15,477.44,468.38,418.8,1348381472.8000002
False,B,2020-05-21 08:15:00,15,595.3928571428571,583.4214285714286,548.5,1348381602.5
False,B,2020-05-21 08:30:00,15,678.5066666666667,664.5666666666668,701.1333333333333,1348381755.1333332
False,B,2020-05-21 08:45:00,15,711.4333333333333,696.7,872.6,1348381926.6
False,B,2020-05-21 09:00:00,15,768.4,752.2666666666665,1059.6666666666663,1348382113.6666667
False,B,2020-05-21 09:15:00,15,821.6533333333333,804.1733333333333,1253.2000000000005,1348382307.2
False,B,2020-05-21 09:30:00,15,891.8928571428571,872.5714285714284,1456.071428571429,1348382510.0714283
True,B,2020-05-21 09:45:00,15,0.0,0.0,1151.3333333333337,988813924.2666668
True,B,2020-05-21 10:00:00,15,0.0,0.0,314.79999999999995,539353050.4
True,B,2020-05-21 10:15:00,15,0.0,0.0,1574.0,1348382628.0
True,B,2020-05-21 10:30:00,15,0.0,0.0,1574.0,1348382628.0
True,B,2020-05-21 10:45:00,15,0.0,0.0,1574.0,1348382628.0
True,B,2020-05-21 11:00:00,15,0.0,0.0,1574.0,1348382628.0
True,B,2020-05-21 11:15:00,15,0.0,0.0,1574.0,1348382628.0
True,B,2020-05-21 11:30:00,15,0.0,0.0,1574.0,1348382628.0
True,B,2020-05-21 11:45:00,15,0.0,0.0,1574.0,1348382628.0
True,B,2020-05-21 12:00:00,15,0.0,0.0,1574.0,1348382628.0
True,B,2020-05-21 12:15:00,15,0.0,0.0,1574.0,1348382628.0
True,B,2020-05-21 12:30:00,15,0.0,0.0,1574.0,1348382628.0
True,B,2020-05-21 12:45:00,15,0.0,0.0,1574.0,1348382628.0
True,B,2020-05-21 13:00:00,15,0.0,0.0,1574.0,1348382628.0
True,B,2020-05-21 13:15:00,15,0.0,0.0,1574.0,1348382628.0
False,B,2020-05-21 13:30:00,15,950.8133333333336,927.1133333333336,1660.0666666666668,1348382714.0666666
False,B,2020-05-21 13:45:00,15,1121.2266666666667,1095.4466666666667,1935.6,1348382989.6
False,B,2020-05-21 14:00:00,15,1091.0333333333333,1066.28,2211.2,1348383265.2
False,B,2020-05-21 14:15:00,15,1069.88,1045.74,2477.2000000000003,1348383531.1999998
False,B,2020-05-21 14:30:00,15,1051.7785714285717,1028.1214285714286,2733.0,1348383787.0000002
False,B,2020-05-21 14:45:00,15,978.6733333333332,957.0400000000002,2979.6000000000004,1348384033.6
False,B,2020-05-21 15:00:00,15,941.1066666666666,920.5133333333332,3211.4,1348384265.4
False,B,2020-05-21 15:15:00,15,865.4066666666665,846.7466666666666,3444.6666666666665,1348384498.6666665
False,B,2020-05-21 15:30:00,15,646.3266666666667,633.1399999999999,3629.4,1348384683.4
False,B,2020-05-21 15:45:00,15,647.9285714285713,634.7285714285713,3781.357142857143,1348384835.3571427
False,B,2020-05-21 16:00:00,15,634.3933333333333,621.5066666666665,3937.2666666666655,1348384991.266667
False,B,2020-05-21 16:15:00,15,530.0600000000001,519.5733333333334,4080.8666666666654,1348385134.8666666
False,B,2020-05-21 16:30:00,15,519.2533333333334,509.0266666666668,4211.4,1348385265.4
False,B,2020-05-21 16:45:00,15,411.8733333333333,404.64,4327.8,1348385381.8000002
False,B,2020-05-21 17:00:00,15,352.05000000000007,346.06428571428575,4420.214285714286,1348385474.2142856
False,B,2020-05-21 17:15:00,15,274.3666666666667,269.1933333333333,4496.799999999999,1348385550.7999997
False,B,2020-05-21 17:30:00,15,194.19333333333333,190.36000000000004,4554.266666666668,1348385608.266667
False,B,2020-05-21 17:45:00,15,123.83333333333331,120.52666666666666,4593.999999999999,1348385648.0
False,B,2020-05-21 18:00:00,15,73.08666666666667,70.83333333333334,4618.066666666667,1348385672.0666668
False,B,2020-05-21 18:15:00,15,38.66428571428571,37.36428571428572,4631.214285714284,1348385685.2142856
False,B,2020-05-21 18:30:00,15,10.88,10.499999999999998,4637.066666666667,1348385691.0666666
False,B,2020-05-21 18:45:00,15,0.0,0.0,4638.0,1348385692.0
False,B,2020-05-21 19:00:00,15,0.0,0.0,4638.0,1348385692.0
False,B,2020-05-21 19:15:00,15,0.0,0.0,4638.0,1348385692.0
False,B,2020-05-21 19:30:00,15,0.0,0.0,4638.0,1348385692.0
False,B,2020-05-21 19:45:00,15,0.0,0.0,4638.0,1348385692.0
False,B,2020-05-21 20:00:00,15,0.0,0.0,4638.0,1348385692.0
False,B,2020-05-21 20:15:00,15,0.0,0.0,4638.0,1348385692.0
False,B,2020-05-21 20:30:00,15,0.0,0.0,4638.0,1348385692.0
False,B,2020-05-21 20:45:00,15,0.0,0.0,4638.0,1348385692.0
False,B,2020-05-21 21:00:00,15,0.0,0.0,4638.0,1348385692.0
False,B,2020-05-21 21:15:00,15,0.0,0.0,4638.0,1348385692.0
False,B,2020-05-21 21:30:00,15,0.0,0.0,4638.0,1348385692.0
False,B,2020-05-21 21:45:00,15,0.0,0.0,4638.0,1348385692.0
False,B,2020-05-21 22:00:00,15,0.0,0.0,4638.0,1348385692.0
False,B,2020-05-21 22:15:00,15,0.0,0.0,4638.0,1348385692.0
False,B,2020-05-21 22:30:00,15,0.0,0.0,4638.0,1348385692.0
False,B,2020-05-21 22:45:00,15,0.0,0.0,4638.0,1348385692.0
False,B,2020-05-21 23:00:00,15,0.0,0.0,4638.0,1348385692.0
False,B,2020-05-21 23:15:00,15,0.0,0.0,4638.0,1348385692.0
False,B,2020-05-21 23:30:00,15,0.0,0.0,4638.0,1348385692.0
False,B,2020-05-21 23:45:00,15,0.0,0.0,4638.0,1348385692.0
False,B,2020-05-22 00:00:00,15,0.0,0.0,4638.0,1348385692.0
False,B,2020-05-22 00:15:00,15,0.0,0.0,0.0,1348385692.0
False,B,2020-05-22 00:30:00,15,0.0,0.0,0.0,1348385692.0
False,B,2020-05-22 00:45:00,15,0.0,0.0,0.0,1348385692.0
False,B,2020-05-22 01:00:00,15,0.0,0.0,0.0,1348385692.0
False,B,2020-05-22 01:15:00,15,0.0,0.0,0.0,1348385692.0
False,B,2020-05-22 01:30:00,15,0.0,0.0,0.0,1348385692.0
False,B,2020-05-22 01:45:00,15,0.0,0.0,0.0,1348385692.0
False,B,2020-05-22 02:00:00,15,0.0,0.0,0.0,1348385692.0
False,B,2020-05-22 02:15:00,15,0.0,0.0,0.0,1348385692.0
False,B,2020-05-22 02:30:00,15,0.0,0.0,0.0,1348385692.0
False,B,2020-05-22 02:45:00,15,0.0,0.0,0.0,1348385692.0
False,B,2020-05-22 03:00:00,15,0.0,0.0,0.0,1348385692.0
False,B,2020-05-22 03:15:00,15,0.0,0.0,0.0,1348385692.0
False,B,2020-05-22 03:30:00,15,0.0,0.0,0.0,1348385692.0
False,B,2020-05-22 03:45:00,15,0.0,0.0,0.0,1348385692.0
False,B,2020-05-22 04:00:00,15,0.0,0.0,0.0,1348385692.0
False,B,2020-05-22 04:15:00,15,0.0,0.0,0.0,1348385692.0
False,B,2020-05-22 04:30:00,15,0.0,0.0,0.0,1348385692.0
False,B,2020-05-22 04:45:00,15,0.0,0.0,0.0,1348385692.0
False,B,2020-05-22 05:00:00,15,0.0,0.0,0.0,1348385692.0
False,B,2020-05-22 05:15:00,15,0.0,0.0,0.0,1348385692.0
False,B,2020-05-22 05:30:00,15,0.0,0.0,0.0,1348385692.0
False,B,2020-05-22 05:45:00,15,0.0,0.0,0.0,1348385692.0
False,B,2020-05-22 06:00:00,15,19.85333333333333,19.18666666666667,1.6,1348385693.6
False,B,2020-05-22 06:15:00,15,50.606666666666655,48.966666666666654,9.866666666666667,1348385701.8666668
False,B,2020-05-22 06:30:00,15,105.4,102.44,28.13333333333333,1348385720.1333332
False,B,2020-05-22 06:45:00,15,166.30666666666664,162.75333333333333,61.8,1348385753.8000002
False,B,2020-05-22 07:00:00,15,193.5357142857143,189.72857142857143,106.14285714285715,1348385798.1428573
False,B,2020-05-22 07:15:00,15,268.66,263.6733333333334,157.79999999999998,1348385849.8
False,B,2020-05-22 07:30:00,15,394.86666666666673,387.98666666666657,242.53333333333333,1348385934.5333333
False,B,2020-05-22 07:45:00,15,469.14666666666665,460.26,348.7333333333333,1348386040.733333
False,B,2020-05-22 08:00:00,15,535.3000000000001,524.7133333333334,474.6,1348386166.6
False,B,2020-05-22 08:15:00,15,606.6071428571429,594.3642857142856,609.6428571428571,1348386301.6428573
False,B,2020-05-22 08:30:00,15,695.3933333333334,681.0533333333333,764.3333333333333,1348386456.3333335
False,B,2020-05-22 08:45:00,15,786.6533333333333,770.0466666666667,950.7333333333336,1348386642.733333
False,B,2020-05-22 09:00:00,15,859.6933333333334,841.2199999999998,1151.8666666666666,1348386843.8666668
False,B,2020-05-22 09:15:00,15,940.0466666666664,919.46,1377.5333333333333,1348387069.5333335
False,B,2020-05-22 09:30:00,15,992.7285714285716,970.7142857142856,1607.857142857143,1348387299.8571427
False,B,2020-05-22 09:45:00,15,1041.3866666666663,1018.0333333333332,1850.3333333333333,1348387542.3333333
False,B,2020-05-22 10:00:00,15,1092.0533333333333,1067.2733333333335,2117.9333333333334,1348387809.9333334
False,B,2020-05-22 10:15:00,15,1138.6999999999998,1112.0533333333335,2390.2,1348388082.2000003
False,B,2020-05-22 10:30:00,15,1177.42,1147.986666666667,2682.0,1348388374.0000002
False,B,2020-05-22 10:45:00,15,1210.8071428571425,1180.5357142857142,2963.928571428571,1348388655.9285717
False,B,2020-05-22 11:00:00,15,1229.26,1198.5199999999998,3257.2,1348388949.2
False,B,2020-05-22 11:15:00,15,1246.3066666666666,1215.1333333333334,3563.066666666667,1348389255.0666664
False,B,2020-05-22 11:30:00,15,1265.2600000000002,1233.6266666666666,3868.7333333333327,1348389560.733333
False,B,2020-05-22 11:45:00,15,1274.4733333333331,1242.6333333333334,4188.9333333333325,1348389880.9333334
False,B,2020-05-22 12:00:00,15,1278.4785714285715,1246.5214285714285,4489.785714285715,1348390181.7857146
False,B,2020-05-22 12:15:00,15,1284.4866666666665,1252.38,4797.000000000001,1348390489.0
False,B,2020-05-22 12:30:00,15,1283.0266666666664,1250.9599999999998,5115.2666666666655,1348390807.266667
False,B,2020-05-22 12:45:00,15,1267.54,1235.8333333333337,5428.933333333334,1348391120.9333334
False,B,2020-05-22 13:00:00,15,1241.1466666666668,1210.093333333333,5743.133333333333,1348391435.1333334
False,B,2020-05-22 13:15:00,15,1230.5857142857144,1199.821428571429,6034.714285714286,1348391726.7142856
False,B,2020-05-22 13:30:00,15,1189.1933333333334,1159.46,6324.200000000001,1348392016.2
False,B,2020-05-22 13:45:00,15,1160.3266666666666,1131.94,6615.533333333334,1348392307.5333333
False,B,2020-05-22 14:00:00,15,1133.54,1107.2800000000002,6896.866666666667,1348392588.8666668
False,B,2020-05-22 14:15:00,15,1080.4466666666665,1055.98,7174.333333333333,1348392866.3333335
False,B,2020-05-22 14:30:00,15,1038.7142857142858,1015.4357142857144,7426.357142857142,1348393118.3571427
False,B,2020-05-22 14:45:00,15,989.56,967.62,7668.5999999999985,1348393360.6
False,B,2020-05-22 15:00:00,15,934.5133333333334,914.0666666666668,7910.533333333335,1348393602.5333335
False,B,2020-05-22 15:15:00,15,875.78,856.9,8131.866666666666,1348393823.8666668
False,B,2020-05-22 15:30:00,15,815.7666666666668,798.3933333333333,8345.800000000001,1348394037.8
False,B,2020-05-22 15:45:00,15,749.7714285714286,734.0928571428572,8531.714285714286,1348394223.7142856
False,B,2020-05-22 16:00:00,15,677.9866666666667,664.0666666666667,8702.133333333335,1348394394.1333334
False,B,2020-05-22 16:15:00,15,600.7733333333333,588.6800000000002,8863.266666666666,1348394555.266667
False,B,2020-05-22 16:30:00,15,520.8733333333332,510.5933333333333,9001.133333333333,1348394693.1333334
False,B,2020-05-22 16:45:00,15,436.42666666666673,428.46,9122.2,1348394814.1999998
False,B,2020-05-22 17:00:00,15,353.27142857142854,347.25000000000006,9216.785714285712,1348394908.7857144
False,B,2020-05-22 17:15:00,15,273.6066666666667,268.44,9292.06666666667,1348394984.0666664
False,B,2020-05-22 17:30:00,15,196.38,192.5,9351.2,1348395043.2
False,B,2020-05-22 17:45:00,15,129.12,125.69333333333331,9391.133333333331,1348395083.1333332
False,B,2020-05-22 18:00:00,15,43.92666666666666,42.49999999999999,9412.866666666663,1348395104.8666668
False,B,2020-05-22 18:15:00,15,13.828571428571427,13.342857142857143,9418.92857142857,1348395110.9285712
False,B,2020-05-22 18:30:00,15,0.5333333333333334,0.52,9420.0,1348395112.0
False,B,2020-05-22 18:45:00,15,0.0,0.0,9420.0,1348395112.0
False,B,2020-05-22 19:00:00,15,0.0,0.0,9420.0,1348395112.0
False,B,2020-05-22 19:15:00,15,0.0,0.0,9420.0,1348395112.0
False,B,2020-05-22 19:30:00,15,0.0,0.0,9420.0,1348395112.0
False,B,2020-05-22 19:45:00,15,0.0,0.0,9420.0,1348395112.0
False,B,2020-05-22 20:00:00,15,0.0,0.0,9420.0,1348395112.0
False,B,2020-05-22 20:15:00,15,0.0,0.0,9420.0,1348395112.0
False,B,2020-05-22 20:30:00,15,0.0,0.0,9420.0,1348395112.0
False,B,2020-05-22 20:45:00,15,0.0,0.0,9420.0,1348395112.0
False,B,2020-05-22 21:00:00,15,0.0,0.0,9420.0,1348395112.0
False,B,2020-05-22 21:15:00,15,0.0,0.0,9420.0,1348395112.0
False,B,2020-05-22 21:30:00,15,0.0,0.0,9420.0,1348395112.0
False,B,2020-05-22 21:45:00,15,0.0,0.0,9420.0,1348395112.0
False,B,2020-05-22 22:00:00,15,0.0,0.0,9420.0,1348395112.0
False,B,2020-05-22 22:15:00,15,0.0,0.0,9420.0,1348395112.0
False,B,2020-05-22 22:30:00,15,0.0,0.0,9420.0,1348395112.0
False,B,2020-05-22 22:45:00,15,0.0,0.0,9420.0,1348395112.0
False,B,2020-05-22 23:00:00,15,0.0,0.0,9420.0,1348395112.0
False,B,2020-05-22 23:15:00,15,0.0,0.0,9420.0,1348395112.0
False,B,2020-05-22 23:30:00,15,0.0,0.0,9420.0,1348395112.0
False,B,2020-05-22 23:45:00,15,0.0,0.0,9420.0,1348395112.0
False,B,2020-05-23 00:00:00,15,0.0,0.0,9420.0,1348395112.0
False,B,2020-05-23 00:15:00,15,0.0,0.0,0.0,1348395112.0
False,B,2020-05-23 00:30:00,15,0.0,0.0,0.0,1348395112.0
False,B,2020-05-23 00:45:00,15,0.0,0.0,0.0,1348395112.0
False,B,2020-05-23 01:00:00,15,0.0,0.0,0.0,1348395112.0
False,B,2020-05-23 01:15:00,15,0.0,0.0,0.0,1348395112.0
False,B,2020-05-23 01:30:00,15,0.0,0.0,0.0,1348395112.0
False,B,2020-05-23 01:45:00,15,0.0,0.0,0.0,1348395112.0
False,B,2020-05-23 02:00:00,15,0.0,0.0,0.0,1348395112.0
False,B,2020-05-23 02:15:00,15,0.0,0.0,0.0,1348395112.0
False,B,2020-05-23 02:30:00,15,0.0,0.0,0.0,1348395112.0
False,B,2020-05-23 02:45:00,15,0.0,0.0,0.0,1348395112.0
False,B,2020-05-23 03:00:00,15,0.0,0.0,0.0,1348395112.0
False,B,2020-05-23 03:15:00,15,0.0,0.0,0.0,1348395112.0
False,B,2020-05-23 03:30:00,15,0.0,0.0,0.0,1348395112.0
False,B,2020-05-23 03:45:00,15,0.0,0.0,0.0,1348395112.0
False,B,2020-05-23 04:00:00,15,0.0,0.0,0.0,1348395112.0
False,B,2020-05-23 04:15:00,15,0.0,0.0,0.0,1348395112.0
False,B,2020-05-23 04:30:00,15,0.0,0.0,0.0,1348395112.0
False,B,2020-05-23 04:45:00,15,0.0,0.0,0.0,1348395112.0
False,B,2020-05-23 05:00:00,15,0.0,0.0,0.0,1348395112.0
False,B,2020-05-23 05:15:00,15,0.0,0.0,0.0,1348395112.0
False,B,2020-05-23 05:30:00,15,0.0,0.0,0.0,1348395112.0
False,B,2020-05-23 05:45:00,15,0.0,0.0,0.0,1348395112.0
False,B,2020-05-23 06:00:00,15,18.692857142857147,18.03571428571428,2.2142857142857144,1348395114.214286
False,B,2020-05-23 06:15:00,15,48.17333333333334,46.580000000000005,9.866666666666664,1348395121.8666666
False,B,2020-05-23 06:30:00,15,90.29333333333332,87.66000000000001,26.666666666666668,1348395138.6666665
False,B,2020-05-23 06:45:00,15,143.12,139.65999999999997,54.93333333333333,1348395166.9333334
False,B,2020-05-23 07:00:00,15,209.90000000000003,205.7933333333333,97.93333333333332,1348395209.9333332
False,B,2020-05-23 07:15:00,15,282.8142857142857,277.54285714285714,156.92857142857144,1348395268.9285717
False,B,2020-05-23 07:30:00,15,363.3133333333333,357.1,233.6,1348395345.5999997
False,B,2020-05-23 07:45:00,15,446.17333333333335,437.98,335.33333333333337,1348395447.3333335
False,B,2020-05-23 08:00:00,15,533.8666666666668,523.2933333333333,456.0,1348395568.0000002
False,B,2020-05-23 08:15:00,15,620.3866666666667,607.8333333333334,598.2,1348395710.2
False,B,2020-05-23 08:30:00,15,700.2785714285714,685.8071428571428,758.0714285714287,1348395870.0714283
False,B,2020-05-23 08:45:00,15,774.5066666666665,758.2066666666667,932.4,1348396044.4
False,B,2020-05-23 09:00:00,15,841.3666666666666,823.3733333333333,1134.5333333333335,1348396246.5333333
False,B,2020-05-23 09:15:00,15,847.3400000000001,828.9199999999998,1266.4666666666667,1258503371.0000002
False,B,2020-05-23 09:30:00,15,968.0333333333332,946.7,1581.1333333333334,1348396693.1333332
False,B,2020-05-23 09:45:00,15,1015.4714285714286,992.8214285714284,1821.571428571429,1348396933.5714283
False,B,2020-05-23 10:00:00,15,1061.1799999999998,1037.2599999999995,2067.2,1348397179.1999998
False,B,2020-05-23 10:15:00,15,1099.2666666666669,1074.2866666666664,2336.1333333333328,1348397448.1333334
False,B,2020-05-23 10:30:00,15,1140.7333333333331,1114.02,2612.933333333333,1348397724.9333334
False,B,2020-05-23 10:45:00,15,1181.2866666666669,1151.753333333333,2897.5333333333333,1348398009.5333335
False,B,2020-05-23 11:00:00,15,1209.0928571428567,1178.864285714286,3186.7857142857147,1348398298.7857144
False,B,2020-05-23 11:15:00,15,1233.02,1202.1933333333334,3474.5333333333333,1348398586.5333333
False,B,2020-05-23 11:30:00,15,1239.8866666666668,1208.88,3783.6666666666665,1348398895.6666665
False,B,2020-05-23 11:45:00,15,1254.3600000000004,1222.9866666666665,4090.6,1348399202.6
False,B,2020-05-23 12:00:00,15,1251.7000000000005,1220.4,4398.066666666668,1348399510.0666666
False,B,2020-05-23 12:15:00,15,1258.1285714285714,1226.678571428571,4702.4285714285725,1348399814.4285717
False,B,2020-05-23 12:30:00,15,1245.0666666666668,1213.94,4997.333333333333,1348400109.3333335
False,B,2020-05-23 12:45:00,15,1229.6600000000003,1198.9066666666663,5306.6,1348400418.6
False,B,2020-05-23 13:00:00,15,1210.12,1179.86,5606.066666666667,1348400718.0666668
False,B,2020-05-23 13:15:00,15,1180.2133333333334,1150.78,5898.866666666667,1348401010.8666666
False,B,2020-05-23 13:30:00,15,1161.928571428571,1133.3714285714286,6183.357142857142,1348401295.3571427
False,B,2020-05-23 13:45:00,15,1150.3533333333332,1122.7066666666667,6456.2,1348401568.1999998
False,B,2020-05-23 14:00:00,15,1102.3733333333332,1077.2866666666666,6737.4,1348401849.4
False,B,2020-05-23 14:15:00,15,1072.64,1048.4133333333334,7006.400000000001,1348402118.4
False,B,2020-05-23 14:30:00,15,1019.24,996.4933333333332,7262.799999999998,1348402374.8
False,B,2020-05-23 14:45:00,15,977.8428571428572,956.2428571428572,7507.571428571428,1348402619.5714283
False,B,2020-05-23 15:00:00,15,912.26,892.4133333333333,7729.133333333331,1348402841.1333334
False,B,2020-05-23 15:15:00,15,852.4266666666667,834.1466666666665,7949.7333333333345,1348403061.733333
False,B,2020-05-23 15:30:00,15,794.42,777.6066666666666,8155.466666666667,1348403267.4666667
False,B,2020-05-23 15:45:00,15,681.4733333333334,667.2933333333333,7789.2666666666655,1258509893.8
False,B,2020-05-23 16:00:00,15,639.7928571428571,626.7785714285715,8511.142857142857,1348403623.1428573
False,B,2020-05-23 16:15:00,15,572.1666666666665,560.7333333333333,8654.466666666667,1348403766.4666665
False,B,2020-05-23 16:30:00,15,494.8133333333333,485.1133333333333,8786.933333333334,1348403898.9333334
False,B,2020-05-23 16:45:00,15,410.3266666666667,403.13333333333327,8901.33333333333,1348404013.3333335
False,B,2020-05-23 17:00:00,15,330.17333333333335,324.4933333333334,8992.33333333333,1348404104.333333
False,B,2020-05-23 17:15:00,15,251.8933333333333,247.02,9065.866666666663,1348404177.866667
False,B,2020-05-23 17:30:00,15,183.07142857142856,179.44285714285715,9117.999999999998,1348404230.0000002
False,B,2020-05-23 17:45:00,15,124.77333333333334,121.36000000000004,9154.266666666666,1348404266.266667
False,B,2020-05-23 18:00:00,15,75.70666666666669,73.4,9179.533333333333,1348404291.5333333
False,B,2020-05-23 18:15:00,15,32.873333333333335,31.75333333333333,9192.733333333332,1348404304.733333
False,B,2020-05-23 18:30:00,15,2.4733333333333336,2.3933333333333326,9196.0,1348404308.0
False,B,2020-05-23 18:45:00,15,0.0,0.0,9196.0,1348404308.0
False,B,2020-05-23 19:00:00,15,0.0,0.0,9196.0,1348404308.0
False,B,2020-05-23 19:15:00,15,0.0,0.0,9196.0,1348404308.0
False,B,2020-05-23 19:30:00,15,0.0,0.0,9196.0,1348404308.0
False,B,2020-05-23 19:45:00,15,0.0,0.0,9196.0,1348404308.0
False,B,2020-05-23 20:00:00,15,0.0,0.0,9196.0,1348404308.0
False,B,2020-05-23 20:15:00,15,0.0,0.0,9196.0,1348404308.0
False,B,2020-05-23 20:30:00,15,0.0,0.0,9196.0,1348404308.0
False,B,2020-05-23 20:45:00,15,0.0,0.0,9196.0,1348404308.0
False,B,2020-05-23 21:00:00,15,0.0,0.0,9196.0,1348404308.0
False,B,2020-05-23 21:15:00,15,0.0,0.0,9196.0,1348404308.0
False,B,2020-05-23 21:30:00,15,0.0,0.0,9196.0,1348404308.0
False,B,2020-05-23 21:45:00,15,0.0,0.0,9196.0,1348404308.0
False,B,2020-05-23 22:00:00,15,0.0,0.0,9196.0,1348404308.0
False,B,2020-05-23 22:15:00,15,0.0,0.0,9196.0,1348404308.0
False,B,2020-05-23 22:30:00,15,0.0,0.0,9196.0,1348404308.0
False,B,2020-05-23 22:45:00,15,0.0,0.0,9196.0,1348404308.0
False,B,2020-05-23 23:00:00,15,0.0,0.0,9196.0,1348404308.0
False,B,2020-05-23 23:15:00,15,0.0,0.0,9196.0,1348404308.0
False,B,2020-05-23 23:30:00,15,0.0,0.0,9196.0,1348404308.0
False,B,2020-05-23 23:45:00,15,0.0,0.0,9196.0,1348404308.0
False,B,2020-05-24 00:00:00,15,0.0,0.0,9196.0,1348404308.0
False,B,2020-05-24 00:15:00,15,0.0,0.0,0.0,1348404308.0
False,B,2020-05-24 00:30:00,15,0.0,0.0,0.0,1348404308.0
False,B,2020-05-24 00:45:00,15,0.0,0.0,0.0,1348404308.0
False,B,2020-05-24 01:00:00,15,0.0,0.0,0.0,1348404308.0
False,B,2020-05-24 01:15:00,15,0.0,0.0,0.0,1348404308.0
False,B,2020-05-24 01:30:00,15,0.0,0.0,0.0,1348404308.0
False,B,2020-05-24 01:45:00,15,0.0,0.0,0.0,1348404308.0
False,B,2020-05-24 02:00:00,15,0.0,0.0,0.0,1348404308.0
False,B,2020-05-24 02:15:00,15,0.0,0.0,0.0,1348404308.0
False,B,2020-05-24 02:30:00,15,0.0,0.0,0.0,1348404308.0
False,B,2020-05-24 02:45:00,15,0.0,0.0,0.0,1348404308.0
False,B,2020-05-24 03:00:00,15,0.0,0.0,0.0,1348404308.0
False,B,2020-05-24 03:15:00,15,0.0,0.0,0.0,1348404308.0
False,B,2020-05-24 03:30:00,15,0.0,0.0,0.0,1348404308.0
False,B,2020-05-24 03:45:00,15,0.0,0.0,0.0,1348404308.0
False,B,2020-05-24 04:00:00,15,0.0,0.0,0.0,1348404308.0
False,B,2020-05-24 04:15:00,15,0.0,0.0,0.0,1348404308.0
False,B,2020-05-24 04:30:00,15,0.0,0.0,0.0,1348404308.0
False,B,2020-05-24 04:45:00,15,0.0,0.0,0.0,1252089714.5714288
False,B,2020-05-24 05:00:00,15,0.0,0.0,0.0,1348404308.0
False,B,2020-05-24 05:15:00,15,0.0,0.0,0.0,1348404308.0
False,B,2020-05-24 05:30:00,15,0.0,0.0,0.0,1348404308.0
False,B,2020-05-24 05:45:00,15,0.0,0.0,0.0,1348404308.0
False,B,2020-05-24 06:00:00,15,12.62857142857143,12.2,1.3571428571428572,1348404309.3571432
False,B,2020-05-24 06:15:00,15,45.080000000000005,43.60666666666666,8.200000000000001,1348404316.2
False,B,2020-05-24 06:30:00,15,91.06,88.42,24.666666666666668,1348404332.6666667
False,B,2020-05-24 06:45:00,15,142.5866666666667,139.06666666666672,53.06666666666667,1348404361.0666664
False,B,2020-05-24 07:00:00,15,193.44666666666663,189.64,94.73333333333332,1348404402.7333329
False,B,2020-05-24 07:15:00,15,252.22142857142856,247.3428571428572,146.85714285714283,1348404454.8571427
False,B,2020-05-24 07:30:00,15,330.51333333333326,324.8266666666667,217.0,1348404525.0000002
False,B,2020-05-24 07:45:00,15,417.39333333333343,409.98,309.4,1348404617.4
False,B,2020-05-24 08:00:00,15,505.82666666666665,495.9,423.4666666666666,1348404731.4666667
False,B,2020-05-24 08:15:00,15,588.5466666666665,576.7333333333333,561.0,1348404869.0
False,B,2020-05-24 08:30:00,15,663.7357142857144,650.1428571428572,708.0714285714286,1348405016.0714283
False,B,2020-05-24 08:45:00,15,731.3933333333333,716.1733333333333,876.5333333333334,1348405184.5333333
False,B,2020-05-24 09:00:00,15,801.0066666666668,784.04,1066.4666666666667,1348405374.4666667
False,B,2020-05-24 09:15:00,15,871.6066666666666,852.8133333333332,1271.3333333333337,1348405579.3333335
False,B,2020-05-24 09:30:00,15,929.6,909.2866666666667,1498.6666666666667,1348405806.6666667
False,B,2020-05-24 09:45:00,15,994.6142857142856,972.5285714285714,1726.4999999999998,1348406034.5
False,B,2020-05-24 10:00:00,15,1033.9466666666667,1010.7933333333334,1969.1333333333328,1348406277.1333334
False,B,2020-05-24 10:15:00,15,1082.0000000000002,1057.5000000000002,2232.6,1348406540.6
False,B,2020-05-24 10:30:00,15,1118.2666666666669,1092.74,2501.5333333333333,1348406809.5333333
False,B,2020-05-24 10:45:00,15,1151.84,1124.4533333333336,2786.4666666666662,1348407094.4666667
False,B,2020-05-24 11:00:00,15,1186.5857142857144,1156.9142857142856,3063.3571428571427,1348407371.3571427
False,B,2020-05-24 11:15:00,15,1208.5066666666664,1178.3000000000004,3350.2,1348407658.2
False,B,2020-05-24 11:30:00,15,1217.4533333333334,1187.02,3651.3333333333335,1348407959.3333333
False,B,2020-05-24 11:45:00,15,1228.98,1198.2666666666669,3950.000000000001,1348408258.0
False,B,2020-05-24 12:00:00,15,1232.1533333333334,1201.34,4257.8,1348408565.8
False,B,2020-05-24 12:15:00,15,1234.9,1204.0333333333333,4560.2666666666655,1348408868.266667
False,B,2020-05-24 12:30:00,15,1226.7142857142858,1196.05,4851.714285714284,1348409159.714286
False,B,2020-05-24 12:45:00,15,1206.7533333333336,1176.573333333333,5147.0,1348409455.0000002
False,B,2020-05-24 13:00:00,15,1200.2600000000002,1170.24,5441.0,1348409748.9999998
False,B,2020-05-24 13:15:00,15,1176.6866666666667,1147.4333333333336,5737.066666666668,1348410045.0666666
False,B,2020-05-24 13:30:00,15,1147.6533333333336,1120.6733333333332,6023.6,1348410331.6
False,B,2020-05-24 13:45:00,15,1113.885714285714,1088.4785714285715,6293.428571428572,1348410601.4285712
False,B,2020-05-24 14:00:00,15,1083.52,1058.9799999999998,6559.733333333333,1348410867.733333
False,B,2020-05-24 14:15:00,15,1043.5,1020.08,6819.933333333334,1348411127.9333336
False,B,2020-05-24 14:30:00,15,994.08,972.0333333333334,7074.6,1348411382.6
False,B,2020-05-24 14:45:00,15,945.7666666666664,925.0333333333332,7314.933333333332,1348411622.9333334
False,B,2020-05-24 15:00:00,15,897.7928571428571,878.3357142857143,7533.857142857142,1348411841.8571427
False,B,2020-05-24 15:15:00,15,831.8666666666666,814.1133333333331,7745.066666666666,1348412053.0666666
False,B,2020-05-24 15:30:00,15,770.0733333333335,753.8866666666665,7941.2,1348412249.2000003
False,B,2020-05-24 15:45:00,15,697.5933333333334,683.2266666666666,8125.066666666666,1348412433.0666666
False,B,2020-05-24 16:00:00,15,630.0333333333333,617.26,8290.000000000004,1348412598.0
False,B,2020-05-24 16:15:00,15,557.1785714285713,546.0785714285713,8431.214285714288,1348412739.214286
False,B,2020-05-24 16:30:00,15,486.36666666666673,476.95333333333326,8558.866666666665,1348412866.8666668
False,B,2020-05-24 16:45:00,15,400.7466666666667,393.76666666666665,8668.266666666668,1348412976.266667
False,B,2020-05-24 17:00:00,15,323.6533333333333,318.08000000000004,8758.533333333335,1348413066.5333333
False,B,2020-05-24 17:15:00,15,245.2333333333333,240.49333333333328,8830.066666666666,1348413138.0666664
False,B,2020-05-24 17:30:00,15,179.3142857142857,175.69285714285712,8880.285714285716,1348413188.2857144
False,B,2020-05-24 17:45:00,15,122.89333333333332,119.55333333333331,8916.800000000003,1348413224.8000002
False,B,2020-05-24 18:00:00,15,74.10666666666668,71.82666666666667,8941.000000000004,1348413248.9999998
False,B,2020-05-24 18:15:00,15,39.56,38.25333333333334,8954.66666666667,1348413262.6666665
False,B,2020-05-24 18:30:00,15,12.893333333333333,12.44,8961.133333333333,1348413269.1333332
False,B,2020-05-24 18:45:00,15,0.0,0.0,8962.0,1348413270.0
False,B,2020-05-24 19:00:00,15,0.0,0.0,8962.0,1348413270.0
False,B,2020-05-24 19:15:00,15,0.0,0.0,8962.0,1348413270.0
False,B,2020-05-24 19:30:00,15,0.0,0.0,8962.0,1348413270.0
False,B,2020-05-24 19:45:00,15,0.0,0.0,8962.0,1348413270.0
False,B,2020-05-24 20:00:00,15,0.0,0.0,8962.0,1348413270.0
False,B,2020-05-24 20:15:00,15,0.0,0.0,8962.0,1348413270.0
False,B,2020-05-24 20:30:00,15,0.0,0.0,8962.0,1348413270.0
False,B,2020-05-24 20:45:00,15,0.0,0.0,8962.0,1348413270.0
False,B,2020-05-24 21:00:00,15,0.0,0.0,8962.0,1348413270.0
False,B,2020-05-24 21:15:00,15,0.0,0.0,8962.0,1348413270.0
False,B,2020-05-24 21:30:00,15,0.0,0.0,8962.0,1348413270.0
False,B,2020-05-24 21:45:00,15,0.0,0.0,8962.0,1348413270.0
False,B,2020-05-24 22:00:00,15,0.0,0.0,8962.0,1348413270.0
False,B,2020-05-24 22:15:00,15,0.0,0.0,8962.0,1348413270.0
False,B,2020-05-24 22:30:00,15,0.0,0.0,8962.0,1348413270.0
False,B,2020-05-24 22:45:00,15,0.0,0.0,8962.0,1348413270.0
False,B,2020-05-24 23:00:00,15,0.0,0.0,8962.0,1348413270.0
False,B,2020-05-24 23:15:00,15,0.0,0.0,8962.0,1348413270.0
False,B,2020-05-24 23:30:00,15,0.0,0.0,8962.0,1348413270.0
False,B,2020-05-24 23:45:00,15,0.0,0.0,8962.0,1348413270.0
False,B,2020-05-25 00:00:00,15,0.0,0.0,8962.0,1348413270.0
False,B,2020-05-25 00:15:00,15,0.0,0.0,0.0,1348413270.0
False,B,2020-05-25 00:30:00,15,0.0,0.0,0.0,1348413270.0
False,B,2020-05-25 00:45:00,15,0.0,0.0,0.0,1348413270.0
False,B,2020-05-25 01:00:00,15,0.0,0.0,0.0,1348413270.0
False,B,2020-05-25 01:15:00,15,0.0,0.0,0.0,1348413270.0
False,B,2020-05-25 01:30:00,15,0.0,0.0,0.0,1348413270.0
False,B,2020-05-25 01:45:00,15,0.0,0.0,0.0,1348413270.0
False,B,2020-05-25 02:00:00,15,0.0,0.0,0.0,1348413270.0
False,B,2020-05-25 02:15:00,15,0.0,0.0,0.0,1348413270.0
False,B,2020-05-25 02:30:00,15,0.0,0.0,0.0,1348413270.0
False,B,2020-05-25 02:45:00,15,0.0,0.0,0.0,1348413270.0
False,B,2020-05-25 03:00:00,15,0.0,0.0,0.0,1348413270.0
False,B,2020-05-25 03:15:00,15,0.0,0.0,0.0,1348413270.0
False,B,2020-05-25 03:30:00,15,0.0,0.0,0.0,1348413270.0
False,B,2020-05-25 03:45:00,15,0.0,0.0,0.0,1348413270.0
False,B,2020-05-25 04:00:00,15,0.0,0.0,0.0,1348413270.0
False,B,2020-05-25 04:15:00,15,0.0,0.0,0.0,1348413270.0
False,B,2020-05-25 04:30:00,15,0.0,0.0,0.0,1348413270.0
False,B,2020-05-25 04:45:00,15,0.0,0.0,0.0,1348413270.0
False,B,2020-05-25 05:00:00,15,0.0,0.0,0.0,1348413270.0
False,B,2020-05-25 05:15:00,15,0.0,0.0,0.0,1348413270.0
False,B,2020-05-25 05:30:00,15,0.0,0.0,0.0,1348413270.0
False,B,2020-05-25 05:45:00,15,0.0,0.0,0.0,1348413270.0
False,B,2020-05-25 06:00:00,15,16.39333333333333,15.813333333333334,1.7333333333333332,1348413271.733333
False,B,2020-05-25 06:15:00,15,56.22666666666666,54.426666666666655,10.266666666666666,1348413280.266667
False,B,2020-05-25 06:30:00,15,117.62857142857143,114.3857142857143,30.5,1348413300.5
False,B,2020-05-25 06:45:00,15,152.9333333333333,149.32000000000002,62.86666666666667,1348413332.8666666
False,B,2020-05-25 07:00:00,15,198.4333333333333,194.5266666666667,106.2,1348413376.2
False,B,2020-05-25 07:15:00,15,260.2266666666667,255.22,162.19999999999996,1348413432.2
False,B,2020-05-25 07:30:00,15,334.1266666666667,328.3866666666667,235.40000000000003,1348413505.4
False,B,2020-05-25 07:45:00,15,413.53571428571433,406.2714285714286,325.99999999999994,1348413596.0
False,B,2020-05-25 08:00:00,15,474.8733333333333,465.85333333333335,431.8666666666666,1348413701.8666668
False,B,2020-05-25 08:15:00,15,554.9066666666668,543.8933333333333,561.0666666666666,1348413831.0666668
False,B,2020-05-25 08:30:00,15,624.9733333333334,612.32,706.0666666666666,1348413976.0666666
False,B,2020-05-25 08:45:00,15,683.9333333333333,669.8666666666667,868.0666666666667,1348414138.0666668
False,B,2020-05-25 09:00:00,15,788.7499999999997,772.0785714285713,1045.7857142857142,1348414315.785714
False,B,2020-05-25 09:15:00,15,842.74,824.7066666666667,1239.4,1348414509.4
False,B,2020-05-25 09:30:00,15,928.0466666666664,907.7866666666667,1458.8000000000002,1348414728.8000002
False,B,2020-05-25 09:45:00,15,970.7333333333332,949.3266666666668,1695.4666666666667,1348414965.4666667
False,B,2020-05-25 10:00:00,15,940.3,919.6466666666668,1929.8666666666663,1348415199.866667
False,B,2020-05-25 10:15:00,15,1060.8333333333333,1036.9333333333334,2182.2666666666664,1348415452.266667
False,B,2020-05-25 10:30:00,15,1097.0142857142855,1072.0857142857144,2437.785714285714,1348415707.785714
False,B,2020-05-25 10:45:00,15,1091.8533333333332,1066.8266666666666,2699.7333333333327,1348415969.733333
False,B,2020-05-25 11:00:00,15,1176.84,1148.22,2978.4,1348416248.4000003
False,B,2020-05-25 11:15:00,15,1192.5866666666666,1162.78,3269.8,1348416539.8000002
False,B,2020-05-25 11:30:00,15,1181.0466666666666,1151.8266666666666,3567.0,1348416836.9999998
False,B,2020-05-25 11:45:00,15,1227.6857142857143,1197.0071428571428,3853.214285714286,1348417123.2142856
False,B,2020-05-25 12:00:00,15,1232.9333333333334,1202.0999999999997,4149.200000000001,1348417419.2
False,B,2020-05-25 12:15:00,15,1242.166666666667,1211.1266666666663,4454.9333333333325,1348417724.9333332
False,B,2020-05-25 12:30:00,15,1235.12,1204.24,4757.8,1348418027.8
False,B,2020-05-25 12:45:00,15,1232.8666666666666,1202.0533333333333,5068.0,1348418338.0
False,B,2020-05-25 13:00:00,15,1209.25,1179.0142857142855,5356.571428571428,1348418626.5714283
False,B,2020-05-25 13:15:00,15,1182.0571428571427,1152.485714285714,5644.071428571428,1348418914.0714283
False,B,2020-05-25 13:30:00,15,1154.4533333333331,1126.5466666666666,5933.466666666667,1348419203.4666665
False,B,2020-05-25 13:45:00,15,1114.9333333333332,1089.506666666667,6210.533333333333,1348419480.5333333
False,B,2020-05-25 14:00:00,15,1078.753333333333,1054.3666666666666,6485.733333333334,1348419755.733333
False,B,2020-05-25 14:15:00,15,1047.75,1024.2071428571428,6739.642857142857,1348420009.6428573
False,B,2020-05-25 14:30:00,15,1003.3066666666666,981.02,6984.666666666667,1348420254.6666667
False,B,2020-05-25 14:45:00,15,944.5266666666664,923.8133333333332,7228.0,1348420498.0
False,B,2020-05-25 15:00:00,15,896.4933333333335,877.0666666666666,7453.866666666667,1348420723.8666668
False,B,2020-05-25 15:15:00,15,836.2266666666668,818.3733333333334,7670.533333333335,1348420940.5333333
False,B,2020-05-25 15:30:00,15,769.3857142857142,753.2,7863.428571428572,1348421133.4285712
False,B,2020-05-25 15:45:00,15,707.5733333333333,692.9333333333334,8038.266666666667,1348421308.266667
False,B,2020-05-25 16:00:00,15,676.5733333333333,662.6933333333333,8211.199999999997,1348421481.2
False,B,2020-05-25 16:15:00,15,623.0933333333332,610.5133333333333,8378.2,1348421648.2
False,B,2020-05-25 16:30:00,15,308.43333333333334,302.73999999999995,8492.133333333333,1348421762.1333332
False,B,2020-05-25 16:45:00,15,376.0,369.5142857142857,8569.785714285716,1348421839.785714
False,B,2020-05-25 17:00:00,15,284.9866666666667,279.7466666666668,8653.733333333334,1348421923.733333
False,B,2020-05-25 17:15:00,15,119.05333333333334,115.92666666666668,8703.066666666668,1348421973.0666666
False,B,2020-05-25 17:30:00,15,47.12,45.56,8722.2,1348421992.2
False,B,2020-05-25 17:45:00,15,24.606666666666666,23.75333333333333,8730.666666666664,1348422000.6666665
False,B,2020-05-25 18:00:00,15,13.257142857142858,12.814285714285717,8735.142857142857,1348422005.1428573
False,B,2020-05-25 18:15:00,15,1.0266666666666673,0.9866666666666668,8737.0,1348422007.0
False,B,2020-05-25 18:30:00,15,0.0,0.0,8737.0,1348422007.0
False,B,2020-05-25 18:45:00,15,0.0,0.0,8737.0,1348422007.0
False,B,2020-05-25 19:00:00,15,0.0,0.0,8737.0,1348422007.0
False,B,2020-05-25 19:15:00,15,0.0,0.0,8737.0,1348422007.0
False,B,2020-05-25 19:30:00,15,0.0,0.0,8737.0,1348422007.0
False,B,2020-05-25 19:45:00,15,0.0,0.0,8737.0,1348422007.0
False,B,2020-05-25 20:00:00,15,0.0,0.0,8737.0,1348422007.0
False,B,2020-05-25 20:15:00,15,0.0,0.0,8737.0,1348422007.0
False,B,2020-05-25 20:30:00,15,0.0,0.0,8737.0,1348422007.0
False,B,2020-05-25 20:45:00,15,0.0,0.0,8737.0,1348422007.0
False,B,2020-05-25 21:00:00,15,0.0,0.0,8737.0,1348422007.0
False,B,2020-05-25 21:15:00,15,0.0,0.0,8737.0,1348422007.0
False,B,2020-05-25 21:30:00,15,0.0,0.0,8737.0,1348422007.0
False,B,2020-05-25 21:45:00,15,0.0,0.0,8737.0,1348422007.0
False,B,2020-05-25 22:00:00,15,0.0,0.0,8737.0,1348422007.0
False,B,2020-05-25 22:15:00,15,0.0,0.0,8737.0,1348422007.0
False,B,2020-05-25 22:30:00,15,0.0,0.0,8737.0,1348422007.0
False,B,2020-05-25 22:45:00,15,0.0,0.0,8737.0,1348422007.0
False,B,2020-05-25 23:00:00,15,0.0,0.0,8737.0,1348422007.0
False,B,2020-05-25 23:15:00,15,0.0,0.0,8737.0,1348422007.0
False,B,2020-05-25 23:30:00,15,0.0,0.0,8737.0,1348422007.0
False,B,2020-05-25 23:45:00,15,0.0,0.0,8737.0,1348422007.0
False,B,2020-05-26 00:00:00,15,0.0,0.0,8737.0,1348422007.0
False,B,2020-05-26 00:15:00,15,0.0,0.0,0.0,1348422007.0
False,B,2020-05-26 00:30:00,15,0.0,0.0,0.0,1348422007.0
False,B,2020-05-26 00:45:00,15,0.0,0.0,0.0,1348422007.0
False,B,2020-05-26 01:00:00,15,0.0,0.0,0.0,1348422007.0
False,B,2020-05-26 01:15:00,15,0.0,0.0,0.0,1348422007.0
False,B,2020-05-26 01:30:00,15,0.0,0.0,0.0,1348422007.0
False,B,2020-05-26 01:45:00,15,0.0,0.0,0.0,1348422007.0
False,B,2020-05-26 02:00:00,15,0.0,0.0,0.0,1348422007.0
False,B,2020-05-26 02:15:00,15,0.0,0.0,0.0,1348422007.0
False,B,2020-05-26 02:30:00,15,0.0,0.0,0.0,1348422007.0
False,B,2020-05-26 02:45:00,15,0.0,0.0,0.0,1348422007.0
False,B,2020-05-26 03:00:00,15,0.0,0.0,0.0,1348422007.0
False,B,2020-05-26 03:15:00,15,0.0,0.0,0.0,1348422007.0
False,B,2020-05-26 03:30:00,15,0.0,0.0,0.0,1348422007.0
False,B,2020-05-26 03:45:00,15,0.0,0.0,0.0,1348422007.0
False,B,2020-05-26 04:00:00,15,0.0,0.0,0.0,1348422007.0
False,B,2020-05-26 04:15:00,15,0.0,0.0,0.0,1348422007.0
False,B,2020-05-26 04:30:00,15,0.0,0.0,0.0,1348422007.0
False,B,2020-05-26 04:45:00,15,0.0,0.0,0.0,1348422007.0
False,B,2020-05-26 05:00:00,15,0.0,0.0,0.0,1348422007.0
False,B,2020-05-26 05:15:00,15,0.0,0.0,0.0,1348422007.0
False,B,2020-05-26 05:30:00,15,0.0,0.0,0.0,1348422007.0
False,B,2020-05-26 05:45:00,15,0.0,0.0,0.0,1348422007.0
False,B,2020-05-26 06:00:00,15,17.860000000000003,17.240000000000002,1.2666666666666668,1348422008.266667
False,B,2020-05-26 06:15:00,15,48.54666666666667,46.966666666666654,9.33333333333333,1348422016.3333335
False,B,2020-05-26 06:30:00,15,89.7,87.08666666666669,25.800000000000004,1348422032.8
False,B,2020-05-26 06:45:00,15,139.56666666666663,136.0533333333333,53.466666666666654,1348422060.4666667
False,B,2020-05-26 07:00:00,15,197.0428571428572,193.15714285714287,93.71428571428572,1348422100.7142856
False,B,2020-05-26 07:15:00,15,266.06,260.93333333333334,148.6,1348422155.6
False,B,2020-05-26 07:30:00,15,342.9866666666667,337.21333333333325,225.3333333333333,1348422232.3333335
False,B,2020-05-26 07:45:00,15,427.4333333333333,419.7933333333333,319.33333333333337,1348422326.3333335
False,B,2020-05-26 08:00:00,15,513.0133333333334,502.9133333333333,436.5333333333333,1348422443.5333335
False,B,2020-05-26 08:15:00,15,596.5928571428572,584.5785714285713,569.2857142857141,1348422576.2857144
False,B,2020-05-26 08:30:00,15,668.5333333333333,654.8333333333333,719.6666666666665,1348422726.6666665
False,B,2020-05-26 08:45:00,15,749.92,734.2466666666666,898.0666666666667,1348422905.0666666
False,B,2020-05-26 09:00:00,15,821.68,804.2066666666667,1090.6,1348423097.6
False,B,2020-05-26 09:15:00,15,884.15,865.05,1298.7142857142858,1348423305.714286
False,B,2020-05-26 09:30:00,15,937.4133333333332,916.8933333333334,1514.4666666666667,1348423521.4666665
False,B,2020-05-26 09:45:00,15,932.6066666666668,911.8866666666664,1754.4666666666665,1348423761.4666667
False,B,2020-05-26 10:00:00,15,1047.62,1024.0800000000002,1989.0,1348423996.0
False,B,2020-05-26 10:15:00,15,1083.4,1058.8666666666666,2249.4,1348424256.4
False,B,2020-05-26 10:30:00,15,1126.571428571429,1100.7928571428572,2515.428571428572,1348424522.4285717
False,B,2020-05-26 10:45:00,15,1155.7799999999995,1127.7399999999998,2788.5333333333333,1348424795.5333333
False,B,2020-05-26 11:00:00,15,1193.9533333333334,1164.12,3080.333333333333,1348425087.333333
False,B,2020-05-26 11:15:00,15,889.0000000000001,866.7933333333333,3368.0,1348425374.9999998
True,B,2020-05-26 11:30:00,15,0.0,0.0,3448.0,1348425455.0
True,B,2020-05-26 11:45:00,15,0.0,0.0,3448.0,1348425455.0
True,B,2020-05-26 12:00:00,15,0.0,0.0,3448.0,1348425455.0
True,B,2020-05-26 12:15:00,15,0.0,0.0,3448.0,1348425455.0
True,B,2020-05-26 12:30:00,15,0.0,0.0,3448.0,1348425455.0
True,B,2020-05-26 12:45:00,15,0.0,0.0,3448.0,1348425455.0
True,B,2020-05-26 13:00:00,15,0.0,0.0,3448.0,1348425455.0
False,B,2020-05-26 13:15:00,15,766.2266666666667,748.0,3511.666666666667,1348425518.6666667
False,B,2020-05-26 13:30:00,15,1089.3733333333334,1062.8533333333337,3755.7333333333327,1348425762.733333
False,B,2020-05-26 13:45:00,15,1166.0399999999995,1137.5933333333332,4040.933333333333,1348426047.9333334
False,B,2020-05-26 14:00:00,15,1116.3785714285714,1090.892857142857,4311.571428571428,1348426318.5714283
False,B,2020-05-26 14:15:00,15,940.0733333333332,919.2533333333332,4563.6,1348426570.6
False,B,2020-05-26 14:30:00,15,1037.1,1013.8666666666666,4803.400000000001,1348426810.4000003
False,B,2020-05-26 14:45:00,15,1001.2333333333332,978.9666666666668,5056.4,1348427063.4
False,B,2020-05-26 15:00:00,15,923.7266666666663,903.5666666666666,5298.133333333333,1348427305.1333334
False,B,2020-05-26 15:15:00,15,862.1928571428573,843.6642857142857,5509.928571428571,1348427516.9285712
False,B,2020-05-26 15:30:00,15,794.54,777.74,5711.866666666667,1348427718.866667
False,B,2020-05-26 15:45:00,15,722.3133333333334,707.2933333333333,5898.066666666668,1348427905.0666668
False,B,2020-05-26 16:00:00,15,652.4733333333332,639.1533333333333,6070.9333333333325,1348428077.9333334
False,B,2020-05-26 16:15:00,15,581.5714285714284,569.9071428571428,6218.785714285715,1348428225.785714
False,B,2020-05-26 16:30:00,15,535.06,524.4799999999999,6350.400000000001,1348428357.4
False,B,2020-05-26 16:45:00,15,454.7466666666667,446.18000000000006,6480.133333333333,1348428487.1333334
False,B,2020-05-26 17:00:00,15,217.80666666666667,213.55333333333328,6560.9333333333325,1348428567.9333332
False,B,2020-05-26 17:15:00,15,165.04,161.69333333333333,6606.9333333333325,1348428613.9333332
False,B,2020-05-26 17:30:00,15,132.31428571428572,128.75,6643.428571428572,1348428650.4285712
False,B,2020-05-26 17:45:00,15,77.42666666666668,75.08666666666669,6668.2,1348428675.1999998
False,B,2020-05-26 18:00:00,15,45.44,43.93333333333333,6683.133333333334,1348428690.1333334
False,B,2020-05-26 18:15:00,15,38.84,37.55333333333333,6692.866666666666,1348428699.8666666
False,B,2020-05-26 18:30:00,15,25.02,24.166666666666668,6701.400000000001,1348428708.4
False,B,2020-05-26 18:45:00,15,1.2785714285714285,1.2357142857142858,6704.0,1348428711.0
False,B,2020-05-26 19:00:00,15,0.0,0.0,6704.0,1348428711.0
False,B,2020-05-26 19:15:00,15,0.0,0.0,6704.0,1348428711.0
False,B,2020-05-26 19:30:00,15,0.0,0.0,6704.0,1348428711.0
False,B,2020-05-26 19:45:00,15,0.0,0.0,6704.0,1348428711.0
False,B,2020-05-26 20:00:00,15,0.0,0.0,6704.0,1348428711.0
False,B,2020-05-26 20:15:00,15,0.0,0.0,6704.0,1348428711.0
False,B,2020-05-26 20:30:00,15,0.0,0.0,6704.0,1348428711.0
False,B,2020-05-26 20:45:00,15,0.0,0.0,6704.0,1348428711.0
False,B,2020-05-26 21:00:00,15,0.0,0.0,6704.0,1348428711.0
False,B,2020-05-26 21:15:00,15,0.0,0.0,6704.0,1348428711.0
False,B,2020-05-26 21:30:00,15,0.0,0.0,6704.0,1348428711.0
False,B,2020-05-26 21:45:00,15,0.0,0.0,6704.0,1348428711.0
False,B,2020-05-26 22:00:00,15,0.0,0.0,6704.0,1348428711.0
False,B,2020-05-26 22:15:00,15,0.0,0.0,6704.0,1348428711.0
False,B,2020-05-26 22:30:00,15,0.0,0.0,6704.0,1348428711.0
False,B,2020-05-26 22:45:00,15,0.0,0.0,6704.0,1348428711.0
False,B,2020-05-26 23:00:00,15,0.0,0.0,6704.0,1348428711.0
False,B,2020-05-26 23:15:00,15,0.0,0.0,6704.0,1348428711.0
False,B,2020-05-26 23:30:00,15,0.0,0.0,6704.0,1348428711.0
False,B,2020-05-26 23:45:00,15,0.0,0.0,6704.0,1348428711.0
False,B,2020-05-27 00:00:00,15,0.0,0.0,6704.0,1348428711.0
False,B,2020-05-27 00:15:00,15,0.0,0.0,0.0,1348428711.0
False,B,2020-05-27 00:30:00,15,0.0,0.0,0.0,1348428711.0
False,B,2020-05-27 00:45:00,15,0.0,0.0,0.0,1348428711.0
False,B,2020-05-27 01:00:00,15,0.0,0.0,0.0,1348428711.0
False,B,2020-05-27 01:15:00,15,0.0,0.0,0.0,1348428711.0
False,B,2020-05-27 01:30:00,15,0.0,0.0,0.0,1348428711.0
False,B,2020-05-27 01:45:00,15,0.0,0.0,0.0,1348428711.0
False,B,2020-05-27 02:00:00,15,0.0,0.0,0.0,1348428711.0
False,B,2020-05-27 02:15:00,15,0.0,0.0,0.0,1348428711.0
False,B,2020-05-27 02:30:00,15,0.0,0.0,0.0,1348428711.0
False,B,2020-05-27 02:45:00,15,0.0,0.0,0.0,1348428711.0
False,B,2020-05-27 03:00:00,15,0.0,0.0,0.0,1348428711.0
False,B,2020-05-27 03:15:00,15,0.0,0.0,0.0,1348428711.0
False,B,2020-05-27 03:30:00,15,0.0,0.0,0.0,1348428711.0
False,B,2020-05-27 03:45:00,15,0.0,0.0,0.0,1348428711.0
False,B,2020-05-27 04:00:00,15,0.0,0.0,0.0,1348428711.0
False,B,2020-05-27 04:15:00,15,0.0,0.0,0.0,1348428711.0
False,B,2020-05-27 04:30:00,15,0.0,0.0,0.0,1348428711.0
False,B,2020-05-27 04:45:00,15,0.0,0.0,0.0,1348428711.0
False,B,2020-05-27 05:00:00,15,0.0,0.0,0.0,1348428711.0
False,B,2020-05-27 05:15:00,15,0.0,0.0,0.0,1348428711.0
False,B,2020-05-27 05:30:00,15,0.0,0.0,0.0,1348428711.0
False,B,2020-05-27 05:45:00,15,0.0,0.0,0.0,1348428711.0
False,B,2020-05-27 06:00:00,15,15.246666666666664,14.733333333333333,1.2,1348428712.2
False,B,2020-05-27 06:15:00,15,41.39333333333334,40.00666666666665,8.466666666666665,1348428719.4666667
False,B,2020-05-27 06:30:00,15,81.00714285714281,78.58571428571427,22.214285714285715,1348428733.2142856
False,B,2020-05-27 06:45:00,15,126.37333333333332,122.94,47.4,1348428758.4
False,B,2020-05-27 07:00:00,15,182.16,178.48666666666665,84.06666666666666,1348428795.0666664
False,B,2020-05-27 07:15:00,15,244.2333333333333,239.50666666666663,136.80000000000004,1348428847.8000004
False,B,2020-05-27 07:30:00,15,325.12142857142857,319.4571428571428,204.5,1348428915.5
False,B,2020-05-27 07:45:00,15,409.3533333333333,402.14666666666665,292.0,1348429003.0
False,B,2020-05-27 08:00:00,15,496.4133333333334,486.69333333333327,406.6,1348429117.5999997
False,B,2020-05-27 08:15:00,15,568.02,556.68,536.6,1348429247.6
False,B,2020-05-27 08:30:00,15,652.7866666666665,639.4599999999999,690.8,1348429401.8000002
False,B,2020-05-27 08:45:00,15,726.0857142857143,710.9857142857143,854.1428571428571,1348429565.1428573
False,B,2020-05-27 09:00:00,15,798.7866666666665,781.8800000000001,1037.3333333333337,1348429748.3333333
False,B,2020-05-27 09:15:00,15,869.7933333333334,851.0666666666667,1244.7333333333336,1348429955.733333
False,B,2020-05-27 09:30:00,15,928.34,908.06,1464.2666666666664,1348430175.266667
False,B,2020-05-27 09:45:00,15,987.12,965.2533333333332,1705.6666666666667,1348430416.6666667
False,B,2020-05-27 10:00:00,15,216.8857142857143,212.05,1879.6428571428569,1348430590.6428573
True,B,2020-05-27 10:15:00,15,0.0,0.0,1887.0,1348430598.0
True,B,2020-05-27 10:30:00,15,0.0,0.0,1887.0,1348430598.0
True,B,2020-05-27 10:45:00,15,0.0,0.0,1887.0,1348430598.0
True,B,2020-05-27 11:00:00,15,0.0,0.0,1887.0,1348430598.0
True,B,2020-05-27 11:15:00,15,0.0,0.0,1887.0,1348430598.0
True,B,2020-05-27 11:30:00,15,0.0,0.0,1887.0,1348430598.0
True,B,2020-05-27 11:45:00,15,0.0,0.0,1887.0,1348430598.0
True,B,2020-05-27 12:00:00,15,0.0,0.0,1887.0,1348430598.0
True,B,2020-05-27 12:15:00,15,0.0,0.0,1887.0,1348430598.0
True,B,2020-05-27 12:30:00,15,0.0,0.0,1887.0,1348430598.0
True,B,2020-05-27 12:45:00,15,0.0,0.0,1887.0,1348430598.0
True,B,2020-05-27 13:00:00,15,0.0,0.0,1887.0,1348430598.0
True,B,2020-05-27 13:15:00,15,0.0,0.0,1887.0,1348430598.0
True,B,2020-05-27 13:30:00,15,0.0,0.0,1887.0,1348430598.0
True,B,2020-05-27 13:45:00,15,0.0,0.0,1887.0,1348430598.0
True,B,2020-05-27 14:00:00,15,0.0,0.0,1887.0,1348430598.0
True,B,2020-05-27 14:15:00,15,0.0,0.0,1887.0,1348430598.0
False,B,2020-05-27 14:30:00,15,723.4066666666668,707.3800000000001,1952.0666666666668,1348430663.0666664
False,B,2020-05-27 14:45:00,15,953.0642857142858,932.8133333333332,2182.0000000000005,1348430893.0
False,B,2020-05-27 15:00:00,15,892.4142857142857,873.0999999999998,2408.285714285714,1348431119.285714
False,B,2020-05-27 15:15:00,15,840.3066666666667,822.3333333333333,2613.133333333334,1348431324.1333332
False,B,2020-05-27 15:30:00,15,776.38,760.0333333333333,2813.4,1348431524.4
False,B,2020-05-27 15:45:00,15,702.1866666666666,687.6666666666667,2998.9999999999995,1348431710.0000002
False,B,2020-05-27 16:00:00,15,629.5933333333334,616.8133333333333,3162.6,1348431873.5999997
False,B,2020-05-27 16:15:00,15,552.6714285714286,541.6642857142857,3307.1428571428573,1348432018.1428568
False,B,2020-05-27 16:30:00,15,480.1866666666667,470.8933333333334,3429.6000000000004,1348432140.6
False,B,2020-05-27 16:45:00,15,401.77333333333326,394.7533333333334,3539.4,1348432250.4
False,B,2020-05-27 17:00:00,15,323.0266666666667,317.4200000000001,3630.933333333333,1348432341.9333332
False,B,2020-05-27 17:15:00,15,252.99333333333328,248.12,3702.0666666666666,1348432413.0666666
False,B,2020-05-27 17:30:00,15,184.51428571428568,180.8642857142857,3754.785714285714,1348432465.7857144
False,B,2020-05-27 17:45:00,15,137.08666666666662,133.55333333333334,3793.2666666666655,1348432504.266667
False,B,2020-05-27 18:00:00,15,94.11333333333334,91.41333333333333,3821.6,1348432532.6
False,B,2020-05-27 18:15:00,15,57.72666666666667,55.88,3840.533333333333,1348432551.5333333
False,B,2020-05-27 18:30:00,15,23.073333333333327,22.293333333333333,3850.3333333333335,1348432561.3333335
False,B,2020-05-27 18:45:00,15,0.0,0.0,3852.0,1348432563.0
False,B,2020-05-27 19:00:00,15,0.0,0.0,3852.0,1348432563.0
False,B,2020-05-27 19:15:00,15,0.0,0.0,3852.0,1348432563.0
False,B,2020-05-27 19:30:00,15,0.0,0.0,3852.0,1348432563.0
False,B,2020-05-27 19:45:00,15,0.0,0.0,3852.0,1348432563.0
False,B,2020-05-27 20:00:00,15,0.0,0.0,3852.0,1348432563.0
False,B,2020-05-27 20:15:00,15,0.0,0.0,3852.0,1348432563.0
False,B,2020-05-27 20:30:00,15,0.0,0.0,3852.0,1348432563.0
False,B,2020-05-27 20:45:00,15,0.0,0.0,3852.0,1348432563.0
False,B,2020-05-27 21:00:00,15,0.0,0.0,3852.0,1348432563.0
False,B,2020-05-27 21:15:00,15,0.0,0.0,3852.0,1348432563.0
False,B,2020-05-27 21:30:00,15,0.0,0.0,3852.0,1348432563.0
False,B,2020-05-27 21:45:00,15,0.0,0.0,3852.0,1348432563.0
False,B,2020-05-27 22:00:00,15,0.0,0.0,3852.0,1348432563.0
False,B,2020-05-27 22:15:00,15,0.0,0.0,3852.0,1348432563.0
False,B,2020-05-27 22:30:00,15,0.0,0.0,3852.0,1348432563.0
False,B,2020-05-27 22:45:00,15,0.0,0.0,3852.0,1348432563.0
False,B,2020-05-27 23:00:00,15,0.0,0.0,3852.0,1348432563.0
False,B,2020-05-27 23:15:00,15,0.0,0.0,3852.0,1348432563.0
False,B,2020-05-27 23:30:00,15,0.0,0.0,3852.0,1348432563.0
False,B,2020-05-27 23:45:00,15,0.0,0.0,3852.0,1348432563.0
False,B,2020-05-28 00:00:00,15,0.0,0.0,3852.0,1348432563.0
False,B,2020-05-28 00:15:00,15,0.0,0.0,0.0,1348432563.0
False,B,2020-05-28 00:30:00,15,0.0,0.0,0.0,1348432563.0
False,B,2020-05-28 00:45:00,15,0.0,0.0,0.0,1348432563.0
False,B,2020-05-28 01:00:00,15,0.0,0.0,0.0,1348432563.0
False,B,2020-05-28 01:15:00,15,0.0,0.0,0.0,1348432563.0
False,B,2020-05-28 01:30:00,15,0.0,0.0,0.0,1348432563.0
False,B,2020-05-28 01:45:00,15,0.0,0.0,0.0,1348432563.0
False,B,2020-05-28 02:00:00,15,0.0,0.0,0.0,1348432563.0
False,B,2020-05-28 02:15:00,15,0.0,0.0,0.0,1348432563.0
False,B,2020-05-28 02:30:00,15,0.0,0.0,0.0,1348432563.0
False,B,2020-05-28 02:45:00,15,0.0,0.0,0.0,1348432563.0
False,B,2020-05-28 03:00:00,15,0.0,0.0,0.0,1348432563.0
False,B,2020-05-28 03:15:00,15,0.0,0.0,0.0,1348432563.0
False,B,2020-05-28 03:30:00,15,0.0,0.0,0.0,1348432563.0
False,B,2020-05-28 03:45:00,15,0.0,0.0,0.0,1348432563.0
False,B,2020-05-28 04:00:00,15,0.0,0.0,0.0,1348432563.0
False,B,2020-05-28 04:15:00,15,0.0,0.0,0.0,1348432563.0
False,B,2020-05-28 04:30:00,15,0.0,0.0,0.0,1348432563.0
False,B,2020-05-28 04:45:00,15,0.0,0.0,0.0,1348432563.0
False,B,2020-05-28 05:00:00,15,0.0,0.0,0.0,1348432563.0
False,B,2020-05-28 05:15:00,15,0.0,0.0,0.0,1348432563.0
False,B,2020-05-28 05:30:00,15,0.0,0.0,0.0,1348432563.0
False,B,2020-05-28 05:45:00,15,0.0,0.0,0.0,1348432563.0
False,B,2020-05-28 06:00:00,15,14.146666666666668,13.646666666666668,1.6666666666666663,1348432564.6666665
False,B,2020-05-28 06:15:00,15,36.25000000000001,35.05,7.857142857142858,1348432570.8571427
False,B,2020-05-28 06:30:00,15,67.42,65.32000000000001,19.8,1348432582.8
False,B,2020-05-28 06:45:00,15,117.32,114.08,42.2,1348432605.2
False,B,2020-05-28 07:00:00,15,157.33999999999995,153.83333333333334,76.93333333333334,1348432639.9333334
False,B,2020-05-28 07:15:00,15,231.81333333333336,227.25333333333333,120.4,1348432683.4
False,B,2020-05-28 07:30:00,15,369.9666666666666,363.6,197.53333333333333,1348432760.5333335
False,B,2020-05-28 07:45:00,15,446.8428571428572,438.63571428571424,296.07142857142856,1348432859.0714283
False,B,2020-05-28 08:00:00,15,520.5733333333334,510.3133333333333,410.66666666666674,1348432973.6666667
False,B,2020-05-28 08:15:00,15,594.6533333333333,582.6866666666667,551.5333333333334,1348433114.5333335
False,B,2020-05-28 08:30:00,15,662.46,648.8866666666668,705.2666666666665,1348433268.266667
False,B,2020-05-28 08:45:00,15,761.2400000000001,745.2666666666665,881.5333333333333,1348433444.5333335
False,B,2020-05-28 09:00:00,15,831.0428571428572,813.3071428571427,1073.3571428571431,1348433636.3571427
False,B,2020-05-28 09:15:00,15,890.7666666666665,871.4799999999999,1279.5333333333333,1348433842.5333333
False,B,2020-05-28 09:30:00,15,945.02,924.2666666666668,1507.4,1348434070.4
False,B,2020-05-28 09:45:00,15,412.2600000000001,403.03333333333336,1705.4,1348434268.4
False,B,2020-05-28 10:00:00,15,663.0428571428572,648.2,1766.7142857142856,1348434329.7142854
False,B,2020-05-28 10:15:00,15,1098.9533333333334,1073.98,2003.0666666666664,1348434566.0666666
False,B,2020-05-28 10:30:00,15,1167.2466666666671,1138.8333333333337,2284.4000000000005,1348434847.4
False,B,2020-05-28 10:45:00,15,1203.5666666666666,1173.6266666666666,2573.8,1348435136.8
False,B,2020-05-28 11:00:00,15,1223.3533333333337,1192.7666666666664,2880.866666666667,1348435443.8666666
False,B,2020-05-28 11:15:00,15,1209.2785714285712,1179.0571428571427,3166.714285714286,1348435729.714286
False,B,2020-05-28 11:30:00,15,1232.0866666666666,1201.2933333333333,3456.4666666666667,1348436019.4666665
False,B,2020-05-28 11:45:00,15,1243.2666666666664,1212.186666666667,3766.6,1348436329.6
False,B,2020-05-28 12:00:00,15,1253.0600000000002,1221.74,4071.0,1348436634.0
False,B,2020-05-28 12:15:00,15,1257.9133333333334,1226.46,4384.9333333333325,1348436947.9333332
False,B,2020-05-28 12:30:00,15,1247.2866666666669,1216.1,4692.6,1348437255.6
False,B,2020-05-28 12:45:00,15,1247.1571428571428,1215.9714285714283,4989.999999999999,1348437552.9999998
False,B,2020-05-28 13:00:00,15,1236.8733333333332,1205.9666666666667,5289.6,1348437852.6
False,B,2020-05-28 13:15:00,15,1197.746666666667,1167.9533333333334,5586.333333333333,1348438149.3333333
True,B,2020-05-28 13:30:00,15,159.8733333333333,155.8733333333333,1538.2666666666669,359583555.0666667
False,B,2020-05-28 13:45:00,15,604.36,590.52,3126.6666666666665,1078750718.6666667
False,B,2020-05-28 14:00:00,15,1115.0285714285717,1089.5785714285712,6063.714285714284,1348438626.714286
False,B,2020-05-28 14:15:00,15,1075.3866666666663,1051.0733333333333,6323.733333333334,1348438886.733333
False,B,2020-05-28 14:30:00,15,1032.753333333333,1009.64,6588.9333333333325,1348439151.9333334
False,B,2020-05-28 14:45:00,15,985.5857142857144,962.9666666666668,6835.466666666665,1348439398.4666667
False,B,2020-05-28 15:00:00,15,937.9466666666668,917.3933333333332,7075.6,1348439638.6
False,B,2020-05-28 15:15:00,15,888.4785714285715,869.2642857142856,7294.928571428572,1348439857.9285717
False,B,2020-05-28 15:30:00,15,822.6466666666665,805.1333333333333,7497.2,1348440060.1999998
False,B,2020-05-28 15:45:00,15,740.7733333333334,725.3133333333334,7696.333333333333,1348440259.3333335
False,B,2020-05-28 16:00:00,15,646.7933333333332,633.6133333333332,7865.533333333331,1348440428.5333335
False,B,2020-05-28 16:15:00,15,558.4133333333333,547.2866666666667,8016.2666666666655,1348440579.266667
False,B,2020-05-28 16:30:00,15,476.8928571428571,467.7,8141.357142857142,1348440704.3571427
False,B,2020-05-28 16:45:00,15,359.37333333333333,353.1066666666666,8242.133333333331,1348440805.1333334
False,B,2020-05-28 17:00:00,15,324.38,318.74,8327.066666666668,1348440890.0666666
False,B,2020-05-28 17:15:00,15,258.76,253.77333333333328,8401.133333333335,1348440964.1333334
False,B,2020-05-28 17:30:00,15,193.50714285714284,189.67857142857144,8455.428571428574,1348441018.4285717
False,B,2020-05-28 17:45:00,15,139.1666666666667,135.70666666666668,8494.866666666669,1348441057.8666666
False,B,2020-05-28 18:00:00,15,91.76666666666664,89.11333333333333,8523.133333333333,1348441086.1333334
False,B,2020-05-28 18:15:00,15,56.25333333333334,54.446666666666665,8541.599999999999,1348441104.6
False,B,2020-05-28 18:30:00,15,24.326666666666668,23.493333333333336,8551.33333333333,1348441114.3333333
False,B,2020-05-28 18:45:00,15,0.5133333333333333,0.5,8554.0,1348441117.0
False,B,2020-05-28 19:00:00,15,0.0,0.0,8554.0,1348441117.0
False,B,2020-05-28 19:15:00,15,0.0,0.0,8554.0,1348441117.0
False,B,2020-05-28 19:30:00,15,0.0,0.0,8554.0,1348441117.0
False,B,2020-05-28 19:45:00,15,0.0,0.0,8554.0,1348441117.0
False,B,2020-05-28 20:00:00,15,0.0,0.0,8554.0,1348441117.0
False,B,2020-05-28 20:15:00,15,0.0,0.0,8554.0,1348441117.0
False,B,2020-05-28 20:30:00,15,0.0,0.0,8554.0,1348441117.0
False,B,2020-05-28 20:45:00,15,0.0,0.0,8554.0,1348441117.0
False,B,2020-05-28 21:00:00,15,0.0,0.0,8554.0,1348441117.0
False,B,2020-05-28 21:15:00,15,0.0,0.0,8554.0,1348441117.0
False,B,2020-05-28 21:30:00,15,0.0,0.0,8554.0,1348441117.0
False,B,2020-05-28 21:45:00,15,0.0,0.0,8554.0,1348441117.0
False,B,2020-05-28 22:00:00,15,0.0,0.0,8554.0,1348441117.0
False,B,2020-05-28 22:15:00,15,0.0,0.0,8554.0,1348441117.0
False,B,2020-05-28 22:30:00,15,0.0,0.0,8554.0,1348441117.0
False,B,2020-05-28 22:45:00,15,0.0,0.0,7983.733333333333,1258545042.5333333
False,B,2020-05-28 23:00:00,15,0.0,0.0,8554.0,1348441117.0
False,B,2020-05-28 23:15:00,15,0.0,0.0,8554.0,1348441117.0
False,B,2020-05-28 23:30:00,15,0.0,0.0,8554.0,1348441117.0
False,B,2020-05-28 23:45:00,15,0.0,0.0,8554.0,1348441117.0
False,B,2020-05-29 00:00:00,15,0.0,0.0,8554.0,1348441117.0
False,B,2020-05-29 00:15:00,15,0.0,0.0,0.0,1348441117.0
False,B,2020-05-29 00:30:00,15,0.0,0.0,0.0,1348441117.0
False,B,2020-05-29 00:45:00,15,0.0,0.0,0.0,1348441117.0
False,B,2020-05-29 01:00:00,15,0.0,0.0,0.0,1348441117.0
False,B,2020-05-29 01:15:00,15,0.0,0.0,0.0,1348441117.0
False,B,2020-05-29 01:30:00,15,0.0,0.0,0.0,1348441117.0
False,B,2020-05-29 01:45:00,15,0.0,0.0,0.0,1348441117.0
False,B,2020-05-29 02:00:00,15,0.0,0.0,0.0,1348441117.0
False,B,2020-05-29 02:15:00,15,0.0,0.0,0.0,1348441117.0
False,B,2020-05-29 02:30:00,15,0.0,0.0,0.0,1348441117.0
False,B,2020-05-29 02:45:00,15,0.0,0.0,0.0,1348441117.0
False,B,2020-05-29 03:00:00,15,0.0,0.0,0.0,1348441117.0
False,B,2020-05-29 03:15:00,15,0.0,0.0,0.0,1348441117.0
False,B,2020-05-29 03:30:00,15,0.0,0.0,0.0,1348441117.0
False,B,2020-05-29 03:45:00,15,0.0,0.0,0.0,1348441117.0
False,B,2020-05-29 04:00:00,15,0.0,0.0,0.0,1348441117.0
False,B,2020-05-29 04:15:00,15,0.0,0.0,0.0,1348441117.0
False,B,2020-05-29 04:30:00,15,0.0,0.0,0.0,1348441117.0
False,B,2020-05-29 04:45:00,15,0.0,0.0,0.0,1348441117.0
False,B,2020-05-29 05:00:00,15,0.0,0.0,0.0,1348441117.0
False,B,2020-05-29 05:15:00,15,0.0,0.0,0.0,1348441117.0
False,B,2020-05-29 05:30:00,15,0.0,0.0,0.0,1348441117.0
False,B,2020-05-29 05:45:00,15,0.0,0.0,0.0,1348441117.0
False,B,2020-05-29 06:00:00,15,21.500000000000004,20.75714285714286,1.4999999999999998,1348441118.5000005
False,B,2020-05-29 06:15:00,15,60.70666666666668,58.78000000000001,11.266666666666667,1348441128.266667
False,B,2020-05-29 06:30:00,15,101.26666666666668,98.41333333333333,31.133333333333333,1348441148.133333
False,B,2020-05-29 06:45:00,15,124.35333333333332,120.96666666666664,58.66666666666667,1348441175.6666667
False,B,2020-05-29 07:00:00,15,132.63333333333335,129.06,91.26666666666664,1348441208.266667
False,B,2020-05-29 07:15:00,15,146.2214285714286,142.50000000000003,123.28571428571428,1348441240.285714
False,B,2020-05-29 07:30:00,15,188.2933333333333,184.56,163.6,1348441280.6
False,B,2020-05-29 07:45:00,15,225.5533333333333,221.14666666666665,215.4,1348441332.4
False,B,2020-05-29 08:00:00,15,275.43333333333334,270.2466666666668,275.6,1348441392.6
False,B,2020-05-29 08:15:00,15,482.5214285714285,473.32857142857137,362.71428571428567,1348441479.7142856
False,B,2020-05-29 08:30:00,15,670.8466666666667,657.0666666666666,501.6666666666666,1348441618.6666665
False,B,2020-05-29 08:45:00,15,809.3,792.1066666666666,687.1999999999999,1348441804.2000003
False,B,2020-05-29 09:00:00,15,921.8666666666666,901.7466666666666,897.0,1348442013.9999998
False,B,2020-05-29 09:15:00,15,985.8,963.9533333333331,1141.1333333333332,1348442258.1333337
False,B,2020-05-29 09:30:00,15,1037.357142857143,1014.1,1375.0714285714284,1348442492.0714288
False,B,2020-05-29 09:45:00,15,1029.4133333333334,1006.3933333333334,1623.4666666666665,1348442740.4666665
False,B,2020-05-29 10:00:00,15,983.1733333333332,961.4,1875.6666666666663,1348442992.6666667
False,B,2020-05-29 10:15:00,15,944.4733333333332,923.74,2106.4,1348443223.4
False,B,2020-05-29 10:30:00,15,933.1533333333332,912.7333333333332,2345.533333333333,1348443462.5333333
False,B,2020-05-29 10:45:00,15,925.1357142857142,904.9214285714284,2561.6428571428573,1348443678.6428573
False,B,2020-05-29 11:00:00,15,962.62,941.2733333333332,2786.666666666667,1348443903.6666667
False,B,2020-05-29 11:15:00,15,1021.3066666666668,998.1733333333332,3040.9333333333334,1348444157.9333336
False,B,2020-05-29 11:30:00,15,993.866666666667,971.8133333333332,3281.8,1348444398.8000002
False,B,2020-05-29 11:45:00,15,1087.2333333333331,1062.5933333333332,3547.2,1348444664.1999998
True,B,2020-05-29 12:00:00,15,0.0,0.0,3682.0,1348444799.0
True,B,2020-05-29 12:15:00,15,0.0,0.0,3682.0,1348444799.0
True,B,2020-05-29 12:30:00,15,0.0,0.0,3682.0,1348444799.0
True,B,2020-05-29 12:45:00,15,0.0,0.0,3682.0,1348444799.0
True,B,2020-05-29 13:00:00,15,0.0,0.0,3682.0,1348444799.0
False,B,2020-05-29 13:15:00,15,763.3285714285713,747.1,3757.428571428572,1348444874.4285717
False,B,2020-05-29 13:30:00,15,751.1000000000001,735.3733333333331,3950.2,1348445067.2
False,B,2020-05-29 13:45:00,15,789.4399999999998,772.7800000000002,4134.533333333334,1348445251.5333333
False,B,2020-05-29 14:00:00,15,824.3,806.74,4338.333333333333,1348445455.3333335
False,B,2020-05-29 14:15:00,15,784.0533333333334,767.5199999999999,4537.6,1348445654.6
False,B,2020-05-29 14:30:00,15,778.8500000000001,762.442857142857,4724.071428571428,1348445841.0714283
False,B,2020-05-29 14:45:00,15,733.96,718.6933333333334,4907.0,1348446024.0000002
False,B,2020-05-29 15:00:00,15,721.6133333333332,706.6266666666667,5084.6,1348446201.6
False,B,2020-05-29 15:15:00,15,828.2533333333331,810.6,5278.2,1348446395.1999998
False,B,2020-05-29 15:30:00,15,804.1133333333335,787.0666666666667,5481.2666666666655,1348446598.266667
False,B,2020-05-29 15:45:00,15,767.9307692307693,751.8076923076925,5663.384615384615,1348446780.3846154
False,B,2020-05-29 16:15:00,15,637.2545454545456,624.3181818181818,6035.09090909091,1348447152.090909
False,B,2020-05-29 16:30:00,15,568.4333333333334,557.0799999999998,6162.466666666665,1348447279.4666667
False,B,2020-05-29 16:45:00,15,498.66428571428565,488.9071428571429,6291.071428571428,1348447408.0714283
False,B,2020-05-29 17:00:00,15,397.0866666666666,390.16,6400.066666666667,1348447517.0666668
False,B,2020-05-29 17:15:00,15,312.3,306.7666666666667,6487.666666666667,1348447604.6666667
False,B,2020-05-29 17:30:00,15,227.4466666666667,222.98666666666665,6554.2666666666655,1348447671.266667
False,B,2020-05-29 17:45:00,15,151.74666666666667,148.20666666666668,6602.133333333333,1348447719.1333334
False,B,2020-05-29 18:00:00,15,88.34,85.76,6631.2666666666655,1348447748.2666664
False,B,2020-05-29 18:15:00,15,33.87142857142857,32.728571428571435,6645.714285714286,1348447762.7142856
False,B,2020-05-29 18:30:00,15,14.886666666666668,14.366666666666664,6651.533333333334,1348447768.5333333
False,B,2020-05-29 18:45:00,15,0.0,0.0,6653.0,1348447770.0
False,B,2020-05-29 19:00:00,15,0.0,0.0,6653.0,1348447770.0
False,B,2020-05-29 19:15:00,15,0.0,0.0,6653.0,1348447770.0
False,B,2020-05-29 19:30:00,15,0.0,0.0,6653.0,1348447770.0
False,B,2020-05-29 19:45:00,15,0.0,0.0,6653.0,1348447770.0
False,B,2020-05-29 20:00:00,15,0.0,0.0,6653.0,1348447770.0
False,B,2020-05-29 20:15:00,15,0.0,0.0,6653.0,1348447770.0
False,B,2020-05-29 20:30:00,15,0.0,0.0,6653.0,1348447770.0
False,B,2020-05-29 20:45:00,15,0.0,0.0,6653.0,1348447770.0
False,B,2020-05-29 21:00:00,15,0.0,0.0,6653.0,1348447770.0
False,B,2020-05-29 21:15:00,15,0.0,0.0,6653.0,1348447770.0
False,B,2020-05-29 21:30:00,15,0.0,0.0,6653.0,1348447770.0
False,B,2020-05-29 21:45:00,15,0.0,0.0,6653.0,1348447770.0
False,B,2020-05-29 22:00:00,15,0.0,0.0,6653.0,1348447770.0
False,B,2020-05-29 22:15:00,15,0.0,0.0,6653.0,1348447770.0
False,B,2020-05-29 22:30:00,15,0.0,0.0,6653.0,1348447770.0
False,B,2020-05-29 22:45:00,15,0.0,0.0,6653.0,1348447770.0
False,B,2020-05-29 23:00:00,15,0.0,0.0,6653.0,1348447770.0
False,B,2020-05-29 23:15:00,15,0.0,0.0,6653.0,1348447770.0
False,B,2020-05-29 23:30:00,15,0.0,0.0,6653.0,1348447770.0
False,B,2020-05-29 23:45:00,15,0.0,0.0,6653.0,1348447770.0
False,B,2020-05-30 00:00:00,15,0.0,0.0,6653.0,1348447770.0
False,B,2020-05-30 00:15:00,15,0.0,0.0,0.0,1348447770.0
False,B,2020-05-30 00:30:00,15,0.0,0.0,0.0,1252130072.1428573
False,B,2020-05-30 00:45:00,15,0.0,0.0,0.0,1348447770.0
False,B,2020-05-30 01:00:00,15,0.0,0.0,0.0,1348447770.0
False,B,2020-05-30 01:15:00,15,0.0,0.0,0.0,1348447770.0
False,B,2020-05-30 01:30:00,15,0.0,0.0,0.0,1348447770.0
False,B,2020-05-30 01:45:00,15,0.0,0.0,0.0,1348447770.0
False,B,2020-05-30 02:00:00,15,0.0,0.0,0.0,1348447770.0
False,B,2020-05-30 02:15:00,15,0.0,0.0,0.0,1348447770.0
False,B,2020-05-30 02:30:00,15,0.0,0.0,0.0,1348447770.0
False,B,2020-05-30 02:45:00,15,0.0,0.0,0.0,1348447770.0
False,B,2020-05-30 03:00:00,15,0.0,0.0,0.0,1348447770.0
False,B,2020-05-30 03:15:00,15,0.0,0.0,0.0,1348447770.0
False,B,2020-05-30 03:30:00,15,0.0,0.0,0.0,1348447770.0
False,B,2020-05-30 03:45:00,15,0.0,0.0,0.0,1348447770.0
False,B,2020-05-30 04:00:00,15,0.0,0.0,0.0,1348447770.0
False,B,2020-05-30 04:15:00,15,0.0,0.0,0.0,1348447770.0
False,B,2020-05-30 04:30:00,15,0.0,0.0,0.0,1348447770.0
False,B,2020-05-30 04:45:00,15,0.0,0.0,0.0,1348447770.0
False,B,2020-05-30 05:00:00,15,0.0,0.0,0.0,1348447770.0
False,B,2020-05-30 05:15:00,15,0.0,0.0,0.0,1348447770.0
False,B,2020-05-30 05:30:00,15,0.0,0.0,0.0,1348447770.0
False,B,2020-05-30 05:45:00,15,0.0,0.0,0.0,1348447770.0
False,B,2020-05-30 06:00:00,15,5.993333333333332,5.78,0.2666666666666666,1348447770.266667
False,B,2020-05-30 06:15:00,15,19.7,19.020000000000003,3.5333333333333328,1348447773.5333333
False,B,2020-05-30 06:30:00,15,25.006666666666668,24.15333333333333,8.933333333333334,1348447778.9333332
False,B,2020-05-30 06:45:00,15,50.87857142857143,49.22857142857144,17.07142857142857,1348447787.0714283
False,B,2020-05-30 07:00:00,15,139.47999999999996,136.22000000000003,38.8,1348447808.8
False,B,2020-05-30 07:15:00,15,159.44666666666666,156.26666666666668,77.39999999999998,1348447847.4
False,B,2020-05-30 07:30:00,15,146.22666666666666,142.76000000000002,116.6,1348447886.6
False,B,2020-05-30 07:45:00,15,217.35333333333327,212.84,152.8,1348447922.8
False,B,2020-05-30 08:00:00,15,333.27142857142854,327.1928571428571,228.42857142857144,1348447998.4285712
False,B,2020-05-30 08:15:00,15,290.3533333333333,285.15333333333336,301.6666666666667,1348448071.6666667
False,B,2020-05-30 08:30:00,15,218.04,213.77333333333337,362.4666666666666,1348448132.4666665
False,B,2020-05-30 08:45:00,15,328.97333333333324,322.98666666666657,426.0666666666667,1348448196.0666666
False,B,2020-05-30 09:00:00,15,465.44,456.54666666666657,527.0,1348448296.9999998
False,B,2020-05-30 09:15:00,15,452.6285714285714,444.2214285714285,639.5,1348448409.5
False,B,2020-05-30 09:30:00,15,553.0066666666668,541.98,754.9333333333332,1348448524.9333332
False,B,2020-05-30 09:45:00,15,788.6933333333332,771.68,916.7333333333332,1348448686.733333
False,B,2020-05-30 10:00:00,15,772.8533333333331,756.52,1113.7333333333331,1348448883.7333338
False,B,2020-05-30 10:15:00,15,672.6266666666667,658.8066666666666,1296.5333333333333,1348449066.5333333
False,B,2020-05-30 10:30:00,15,951.7714285714286,930.3,1478.142857142857,1348449248.1428573
False,B,2020-05-30 10:45:00,15,493.56666666666666,481.58,1696.3333333333337,1348449466.3333333
True,B,2020-05-30 11:00:00,15,0.0,0.0,1721.0,1348449491.0
True,B,2020-05-30 11:15:00,15,0.0,0.0,1721.0,1348449491.0
True,B,2020-05-30 11:30:00,15,0.0,0.0,1721.0,1348449491.0
True,B,2020-05-30 11:45:00,15,0.0,0.0,1721.0,1348449491.0
False,B,2020-05-30 12:00:00,15,257.45333333333326,252.03333333333333,1731.3333333333333,1348449501.3333333
False,B,2020-05-30 12:15:00,15,756.0,739.4599999999998,1881.2666666666669,1348449651.266667
True,B,2020-05-30 12:30:00,15,0.0,0.0,1972.0,1348449742.0
True,B,2020-05-30 12:45:00,15,0.0,0.0,1972.0,1348449742.0
True,B,2020-05-30 13:00:00,15,0.0,0.0,1972.0,1348449742.0
True,B,2020-05-30 13:15:00,15,0.0,0.0,1972.0,1348449742.0
True,B,2020-05-30 13:30:00,15,0.0,0.0,1972.0,1348449742.0
True,B,2020-05-30 13:45:00,15,0.0,0.0,1972.0,1348449742.0
True,B,2020-05-30 14:00:00,15,0.0,0.0,1972.0,1348449742.0
True,B,2020-05-30 14:15:00,15,0.0,0.0,1972.0,1348449742.0
False,B,2020-05-30 14:30:00,15,866.6,847.3266666666667,2056.2666666666664,1348449826.2666671
False,B,2020-05-30 14:45:00,15,910.9000000000002,890.7733333333333,2147.8,1258553399.7999997
False,B,2020-05-30 15:00:00,15,929.8533333333332,909.5266666666664,2536.6000000000004,1348450306.6
False,B,2020-05-30 15:15:00,15,865.2666666666665,846.6533333333333,2756.4666666666667,1348450526.4666667
False,B,2020-05-30 15:30:00,15,808.4285714285713,791.2571428571428,2960.6428571428573,1348450730.6428573
False,B,2020-05-30 15:45:00,15,744.1466666666668,728.5933333333331,3145.4666666666667,1348450915.4666667
False,B,2020-05-30 16:00:00,15,665.0333333333334,651.4266666666667,3320.1333333333337,1348451090.1333334
False,B,2020-05-30 16:15:00,15,588.8133333333334,576.9933333333336,3477.5333333333333,1348451247.5333333
False,B,2020-05-30 16:30:00,15,518.6428571428571,508.42142857142846,3609.857142857143,1348451379.8571427
False,B,2020-05-30 16:45:00,15,450.68666666666667,442.38666666666666,3728.2666666666655,1348451498.266667
False,B,2020-05-30 17:00:00,15,367.4466666666667,361.14666666666665,3829.6666666666665,1348451599.6666667
False,B,2020-05-30 17:15:00,15,289.74,284.40666666666664,3912.1333333333328,1348451682.1333334
False,B,2020-05-30 17:30:00,15,213.23571428571427,209.05,3974.7857142857138,1348451744.7857144
False,B,2020-05-30 17:45:00,15,133.20714285714288,129.90000000000003,4017.928571428572,1348451787.9285712
False,B,2020-05-30 18:00:00,15,66.10666666666667,64.02666666666667,4040.1333333333328,1348451810.1333332
False,B,2020-05-30 18:15:00,15,37.00666666666668,35.75333333333332,4053.1333333333337,1348451823.1333334
False,B,2020-05-30 18:30:00,15,13.2,12.726666666666668,4059.4,1348451829.4
False,B,2020-05-30 18:45:00,15,0.0,0.0,4061.0,1348451831.0
False,B,2020-05-30 19:00:00,15,0.0,0.0,4061.0,1348451831.0
False,B,2020-05-30 19:15:00,15,0.0,0.0,4061.0,1348451831.0
False,B,2020-05-30 19:30:00,15,0.0,0.0,4061.0,1348451831.0
False,B,2020-05-30 19:45:00,15,0.0,0.0,4061.0,1348451831.0
False,B,2020-05-30 20:00:00,15,0.0,0.0,4061.0,1348451831.0
False,B,2020-05-30 20:15:00,15,0.0,0.0,4061.0,1348451831.0
False,B,2020-05-30 20:30:00,15,0.0,0.0,4061.0,1348451831.0
False,B,2020-05-30 20:45:00,15,0.0,0.0,4061.0,1348451831.0
False,B,2020-05-30 21:00:00,15,0.0,0.0,4061.0,1348451831.0
False,B,2020-05-30 21:15:00,15,0.0,0.0,4061.0,1348451831.0
False,B,2020-05-30 21:30:00,15,0.0,0.0,4061.0,1348451831.0
False,B,2020-05-30 21:45:00,15,0.0,0.0,4061.0,1348451831.0
False,B,2020-05-30 22:00:00,15,0.0,0.0,4061.0,1348451831.0
False,B,2020-05-30 22:15:00,15,0.0,0.0,4061.0,1348451831.0
False,B,2020-05-30 22:30:00,15,0.0,0.0,4061.0,1348451831.0
False,B,2020-05-30 22:45:00,15,0.0,0.0,4061.0,1348451831.0
False,B,2020-05-30 23:00:00,15,0.0,0.0,4061.0,1348451831.0
False,B,2020-05-30 23:15:00,15,0.0,0.0,4061.0,1348451831.0
False,B,2020-05-30 23:30:00,15,0.0,0.0,4061.0,1348451831.0
False,B,2020-05-30 23:45:00,15,0.0,0.0,4061.0,1348451831.0
False,B,2020-05-31 00:00:00,15,0.0,0.0,4061.0,1348451831.0
False,B,2020-05-31 00:15:00,15,0.0,0.0,0.0,1348451831.0
False,B,2020-05-31 00:30:00,15,0.0,0.0,0.0,1348451831.0
False,B,2020-05-31 00:45:00,15,0.0,0.0,0.0,1348451831.0
False,B,2020-05-31 01:00:00,15,0.0,0.0,0.0,1348451831.0
False,B,2020-05-31 01:15:00,15,0.0,0.0,0.0,1348451831.0
False,B,2020-05-31 01:30:00,15,0.0,0.0,0.0,1348451831.0
False,B,2020-05-31 01:45:00,15,0.0,0.0,0.0,1348451831.0
False,B,2020-05-31 02:00:00,15,0.0,0.0,0.0,1348451831.0
False,B,2020-05-31 02:15:00,15,0.0,0.0,0.0,1348451831.0
False,B,2020-05-31 02:30:00,15,0.0,0.0,0.0,1348451831.0
False,B,2020-05-31 02:45:00,15,0.0,0.0,0.0,1348451831.0
False,B,2020-05-31 03:00:00,15,0.0,0.0,0.0,1348451831.0
False,B,2020-05-31 03:15:00,15,0.0,0.0,0.0,1348451831.0
False,B,2020-05-31 03:30:00,15,0.0,0.0,0.0,1348451831.0
False,B,2020-05-31 03:45:00,15,0.0,0.0,0.0,1348451831.0
False,B,2020-05-31 04:00:00,15,0.0,0.0,0.0,1348451831.0
False,B,2020-05-31 04:15:00,15,0.0,0.0,0.0,1348451831.0
False,B,2020-05-31 04:30:00,15,0.0,0.0,0.0,1348451831.0
False,B,2020-05-31 04:45:00,15,0.0,0.0,0.0,1348451831.0
False,B,2020-05-31 05:00:00,15,0.0,0.0,0.0,1348451831.0
False,B,2020-05-31 05:15:00,15,0.0,0.0,0.0,1348451831.0
False,B,2020-05-31 05:30:00,15,0.0,0.0,0.0,1348451831.0
False,B,2020-05-31 05:45:00,15,0.0,0.0,0.0,1348451831.0
False,B,2020-05-31 06:00:00,15,18.978571428571428,18.307142857142857,1.0,1348451832.0000002
False,B,2020-05-31 06:15:00,15,55.66666666666666,53.86666666666666,9.46666666666667,1348451840.4666667
False,B,2020-05-31 06:30:00,15,99.56,96.72,28.266666666666666,1348451859.266667
False,B,2020-05-31 06:45:00,15,132.6266666666667,129.05333333333337,57.6,1348451888.6
False,B,2020-05-31 07:00:00,15,133.14666666666665,129.56666666666666,90.46666666666668,1348451921.4666667
False,B,2020-05-31 07:15:00,15,121.71428571428572,118.37857142857143,120.85714285714285,1348451951.8571427
False,B,2020-05-31 07:30:00,15,131.68666666666667,128.13333333333333,150.93333333333337,1348451981.9333334
False,B,2020-05-31 07:45:00,15,162.00000000000003,158.39333333333332,185.3333333333333,1348452016.3333333
False,B,2020-05-31 08:00:00,15,259.14,254.19333333333336,237.4,1348452068.4
False,B,2020-05-31 08:15:00,15,448.30000000000007,439.98666666666657,316.66666666666663,1348452147.6666667
False,B,2020-05-31 08:30:00,15,519.7142857142858,509.6285714285714,450.07142857142856,1348452281.0714283
False,B,2020-05-31 08:45:00,15,394.12000000000006,387.25999999999993,549.3333333333334,1348452380.3333335
False,B,2020-05-31 09:00:00,15,405.95333333333326,398.84,647.4666666666667,1348452478.4666667
False,B,2020-05-31 09:15:00,15,642.6999999999999,629.6466666666666,768.0666666666667,1348452599.0666666
False,B,2020-05-31 09:30:00,15,959.4133333333334,938.2733333333334,973.3333333333331,1348452804.333333
False,B,2020-05-31 09:45:00,15,672.7571428571429,658.8071428571428,1189.142857142857,1348453020.1428573
False,B,2020-05-31 10:00:00,15,593.7200000000001,581.7399999999999,1325.8666666666666,1348453156.8666668
False,B,2020-05-31 10:15:00,15,828.74,811.06,1503.4666666666667,1348453334.4666667
False,B,2020-05-31 10:30:00,15,934.46,914.02,1722.6,1348453553.6
False,B,2020-05-31 10:45:00,15,1042.92,1018.94,1972.0666666666664,1348453803.0666666
False,B,2020-05-31 11:00:00,15,618.8571428571429,606.3214285714287,2174.0000000000005,1348454005.0
False,B,2020-05-31 11:15:00,15,981.7333333333332,959.9733333333332,2364.2666666666664,1348454195.266667
False,B,2020-05-31 11:30:00,15,970.0,948.5666666666666,2603.9333333333334,1348454434.9333332
False,B,2020-05-31 11:45:00,15,829.6466666666668,811.38,2839.0000000000005,1348454670.0
False,B,2020-05-31 12:00:00,15,886.5533333333332,866.3333333333331,3033.866666666667,1348454864.8666668
False,B,2020-05-31 12:15:00,15,1098.2428571428572,1071.8428571428572,3295.0,1348455126.0
False,B,2020-05-31 12:30:00,15,406.9066666666666,399.78,3461.6,1348455292.6
False,B,2020-05-31 12:45:00,15,1150.9199999999998,1123.2733333333333,3648.6,1348455479.6
False,B,2020-05-31 13:00:00,15,1159.6666666666667,1131.2733333333333,3931.933333333333,1348455762.9333332
False,B,2020-05-31 13:15:00,15,1236.2266666666667,1205.3333333333337,4230.333333333333,1348456061.3333333
False,B,2020-05-31 13:30:00,15,975.8785714285711,952.9428571428572,4501.357142857142,1348456332.3571427
False,B,2020-05-31 13:45:00,15,1174.8666666666668,1145.6933333333334,4762.0,1348456593.0
False,B,2020-05-31 14:00:00,15,1188.6266666666666,1158.92,5053.733333333333,1348456884.733333
False,B,2020-05-31 14:15:00,15,892.2333333333335,871.0133333333333,5340.733333333334,1348457171.733333
False,B,2020-05-31 14:30:00,15,427.8399999999999,419.4266666666666,5475.133333333333,1348457306.1333334
False,B,2020-05-31 14:45:00,15,423.1857142857143,415.2214285714285,5591.357142857143,1348457422.3571427
False,B,2020-05-31 15:00:00,15,590.5799999999999,578.6266666666667,5704.333333333334,1348457535.3333333
False,B,2020-05-31 15:15:00,15,422.4933333333333,414.08,5856.133333333333,1348457687.1333332
False,B,2020-05-31 15:30:00,15,278.20666666666665,273.17999999999995,5926.8,1348457757.8
False,B,2020-05-31 15:45:00,15,280.70714285714286,275.5428571428572,5999.285714285714,1348457830.285714
False,B,2020-05-31 16:00:00,15,226.74,222.3,6058.533333333333,1348457889.5333333
False,B,2020-05-31 16:15:00,15,213.90666666666667,209.70666666666668,6113.533333333334,1348457944.5333333
False,B,2020-05-31 16:30:00,15,187.1,183.3933333333333,6163.6,1348457994.6
False,B,2020-05-31 16:45:00,15,138.85333333333335,135.4,6204.400000000001,1348458035.4
False,B,2020-05-31 17:00:00,15,97.8,95.0,6232.714285714286,1348458063.7142856
False,B,2020-05-31 17:15:00,15,58.89333333333334,57.00666666666666,6250.666666666667,1348458081.6666665
False,B,2020-05-31 17:30:00,15,79.93333333333332,77.56,6267.4,1348458098.4
False,B,2020-05-31 17:45:00,15,70.37333333333333,68.21333333333332,6286.8,1348458117.8000002
False,B,2020-05-31 18:00:00,15,48.706666666666656,47.1,6301.2666666666655,1348458132.266667
False,B,2020-05-31 18:15:00,15,25.835714285714285,24.950000000000003,6310.571428571428,1348458141.5714283
False,B,2020-05-31 18:30:00,15,1.3066666666666669,1.26,6313.0,1348458144.0
False,B,2020-05-31 18:45:00,15,0.0,0.0,6313.0,1348458144.0
False,B,2020-05-31 19:00:00,15,0.0,0.0,6313.0,1348458144.0
False,B,2020-05-31 19:15:00,15,0.0,0.0,6313.0,1348458144.0
False,B,2020-05-31 19:30:00,15,0.0,0.0,6313.0,1348458144.0
False,B,2020-05-31 19:45:00,15,0.0,0.0,6313.0,1348458144.0
False,B,2020-05-31 20:00:00,15,0.0,0.0,6313.0,1348458144.0
False,B,2020-05-31 20:15:00,15,0.0,0.0,6313.0,1348458144.0
False,B,2020-05-31 20:30:00,15,0.0,0.0,6313.0,1348458144.0
False,B,2020-05-31 20:45:00,15,0.0,0.0,6313.0,1348458144.0
False,B,2020-05-31 21:00:00,15,0.0,0.0,6313.0,1348458144.0
False,B,2020-05-31 21:15:00,15,0.0,0.0,6313.0,1348458144.0
False,B,2020-05-31 21:30:00,15,0.0,0.0,6313.0,1348458144.0
False,B,2020-05-31 21:45:00,15,0.0,0.0,6313.0,1348458144.0
False,B,2020-05-31 22:00:00,15,0.0,0.0,6313.0,1348458144.0
False,B,2020-05-31 22:15:00,15,0.0,0.0,6313.0,1348458144.0
False,B,2020-05-31 22:30:00,15,0.0,0.0,6313.0,1348458144.0
False,B,2020-05-31 22:45:00,15,0.0,0.0,6313.0,1348458144.0
False,B,2020-05-31 23:00:00,15,0.0,0.0,6313.0,1348458144.0
False,B,2020-05-31 23:15:00,15,0.0,0.0,6313.0,1348458144.0
False,B,2020-05-31 23:30:00,15,0.0,0.0,6313.0,1348458144.0
False,B,2020-05-31 23:45:00,15,0.0,0.0,6313.0,1348458144.0
False,B,2020-06-01 00:00:00,15,0.0,0.0,6313.0,1348458144.0
False,B,2020-06-01 00:15:00,15,0.0,0.0,0.0,1348458144.0
False,B,2020-06-01 00:30:00,15,0.0,0.0,0.0,1348458144.0
False,B,2020-06-01 00:45:00,15,0.0,0.0,0.0,1348458144.0
False,B,2020-06-01 01:00:00,15,0.0,0.0,0.0,1348458144.0
False,B,2020-06-01 01:15:00,15,0.0,0.0,0.0,1348458144.0
False,B,2020-06-01 01:30:00,15,0.0,0.0,0.0,1348458144.0
False,B,2020-06-01 01:45:00,15,0.0,0.0,0.0,1348458144.0
False,B,2020-06-01 02:00:00,15,0.0,0.0,0.0,1348458144.0
False,B,2020-06-01 02:15:00,15,0.0,0.0,0.0,1348458144.0
False,B,2020-06-01 02:30:00,15,0.0,0.0,0.0,1348458144.0
False,B,2020-06-01 02:45:00,15,0.0,0.0,0.0,1348458144.0
False,B,2020-06-01 03:00:00,15,0.0,0.0,0.0,1348458144.0
False,B,2020-06-01 03:15:00,15,0.0,0.0,0.0,1348458144.0
False,B,2020-06-01 03:30:00,15,0.0,0.0,0.0,1348458144.0
False,B,2020-06-01 03:45:00,15,0.0,0.0,0.0,1348458144.0
False,B,2020-06-01 04:00:00,15,0.0,0.0,0.0,1348458144.0
False,B,2020-06-01 04:15:00,15,0.0,0.0,0.0,1348458144.0
False,B,2020-06-01 04:30:00,15,0.0,0.0,0.0,1348458144.0
False,B,2020-06-01 04:45:00,15,0.0,0.0,0.0,1348458144.0
False,B,2020-06-01 05:00:00,15,0.0,0.0,0.0,1348458144.0
False,B,2020-06-01 05:15:00,15,0.0,0.0,0.0,1348458144.0
False,B,2020-06-01 05:30:00,15,0.0,0.0,0.0,1348458144.0
False,B,2020-06-01 05:45:00,15,0.0,0.0,0.0,1348458144.0
False,B,2020-06-01 06:00:00,15,4.56,4.3933333333333335,0.4,1348458144.4
False,B,2020-06-01 06:15:00,15,30.78,29.72,4.333333333333332,1348458148.3333333
False,B,2020-06-01 06:30:00,15,70.97333333333331,68.79333333333334,17.4,1348458161.4
False,B,2020-06-01 06:45:00,15,106.80714285714284,103.8,37.35714285714286,1348458181.3571427
False,B,2020-06-01 07:00:00,15,98.42666666666668,95.61333333333332,63.266666666666666,1348458207.266667
False,B,2020-06-01 07:15:00,15,223.2333333333333,218.66,97.26666666666664,1348458241.266667
False,B,2020-06-01 07:30:00,15,243.8066666666667,239.09333333333328,160.8,1348458304.8000002
False,B,2020-06-01 07:45:00,15,199.8,195.87333333333336,214.9333333333333,1348458358.9333334
False,B,2020-06-01 08:00:00,15,239.22142857142856,234.57857142857145,269.57142857142856,1348458413.5714283
False,B,2020-06-01 08:15:00,15,298.3066666666668,292.95333333333326,329.2666666666667,1348458473.266667
False,B,2020-06-01 08:30:00,15,397.2466666666666,390.12666666666667,411.53333333333336,1348458555.5333333
False,B,2020-06-01 08:45:00,15,744.9333333333334,729.3599999999999,553.9333333333333,1348458697.9333334
False,B,2020-06-01 09:00:00,15,874.1066666666666,855.2399999999999,759.0666666666666,1348458903.0666668
False,B,2020-06-01 09:15:00,15,835.3928571428572,817.3071428571427,971.5714285714284,1348459115.5714283
False,B,2020-06-01 09:30:00,15,929.1533333333332,908.6066666666666,1187.1333333333337,1348459331.1333332
False,B,2020-06-01 09:45:00,15,1079.2066666666667,1053.52,1412.1333333333334,1348459556.1333334
False,B,2020-06-01 10:00:00,15,1060.2733333333333,1035.2,1676.2,1348459820.2
False,B,2020-06-01 10:15:00,15,1168.3266666666666,1139.6866666666665,1963.0666666666664,1348460107.0666668
False,B,2020-06-01 10:30:00,15,761.4357142857142,745.1500000000002,2194.8571428571427,1348460338.8571427
False,B,2020-06-01 10:45:00,15,466.69333333333327,457.83333333333337,2352.2000000000003,1348460496.2
False,B,2020-06-01 11:00:00,15,453.4066666666666,444.9666666666667,2461.7333333333327,1348460605.733333
False,B,2020-06-01 11:15:00,15,602.4200000000001,590.2199999999998,2591.4666666666667,1348460735.4666665
False,B,2020-06-01 11:30:00,15,507.90666666666647,498.19333333333327,2741.3333333333344,1348460885.3333333
False,B,2020-06-01 11:45:00,15,370.5714285714286,363.6857142857143,2639.071428571429,1252142344.214286
False,B,2020-06-01 12:00:00,15,333.36,325.2866666666667,779.4666666666667,629281823.8666668
False,B,2020-06-01 12:15:00,15,1049.5800000000004,1024.18,3118.5333333333338,1348461262.5333335
False,B,2020-06-01 12:30:00,15,1197.26,1167.9,3371.0666666666666,1348461515.0666666
False,B,2020-06-01 12:45:00,15,768.26,751.66,3624.2666666666655,1348461768.2666664
False,B,2020-06-01 13:00:00,15,435.8142857142857,427.9214285714286,3774.2857142857138,1348461918.2857146
False,B,2020-06-01 13:15:00,15,113.95333333333332,111.36,3842.3333333333335,1348461986.3333333
False,B,2020-06-01 13:30:00,15,43.5,42.05,3851.0,1348461995.0
False,B,2020-06-01 13:45:00,15,101.78,98.9,3889.2,1348462033.2
False,B,2020-06-01 14:00:00,15,84.43571428571427,81.99285714285713,3902.928571428572,1348462046.9285712
False,B,2020-06-01 14:15:00,15,66.45333333333332,64.34666666666665,3921.1333333333328,1348462065.133333
False,B,2020-06-01 14:30:00,15,55.193333333333335,53.4,3935.8666666666654,1348462079.8666668
False,B,2020-06-01 14:45:00,15,54.22,52.466666666666654,3949.000000000001,1348462092.9999998
False,B,2020-06-01 15:00:00,15,56.67333333333334,54.83333333333334,3962.466666666666,1348462106.4666665
False,B,2020-06-01 15:15:00,15,60.53333333333333,58.580000000000005,3976.6666666666665,1348462120.6666665
False,B,2020-06-01 15:30:00,15,67.57142857142857,65.43571428571428,3991.857142857143,1348462135.8571427
False,B,2020-06-01 15:45:00,15,79.29333333333332,76.91333333333331,4008.8666666666654,1348462152.8666666
False,B,2020-06-01 16:00:00,15,98.33333333333331,95.52666666666669,4030.6666666666665,1348462174.6666667
False,B,2020-06-01 16:15:00,15,132.16666666666669,128.61333333333334,4058.4,1348462202.4
False,B,2020-06-01 16:30:00,15,142.21333333333337,138.94666666666666,4094.6,1348462238.6
False,B,2020-06-01 16:45:00,15,68.88571428571429,66.75714285714287,4118.785714285715,1348462262.7857144
False,B,2020-06-01 17:00:00,15,79.14666666666668,76.78666666666666,4137.066666666667,1348462281.0666666
False,B,2020-06-01 17:15:00,15,32.5,31.4,4151.333333333334,1348462295.3333333
False,B,2020-06-01 17:30:00,15,5.683333333333334,5.4833333333333325,4155.833333333333,1348462299.8333333
False,B,2020-06-01 18:00:00,15,0.0,0.0,4156.0,1348462300.0
False,B,2020-06-01 18:15:00,15,0.0,0.0,4156.0,1348462300.0
False,B,2020-06-01 18:30:00,15,0.0,0.0,4156.0,1348462300.0
False,B,2020-06-01 18:45:00,15,0.0,0.0,4156.0,1348462300.0
False,B,2020-06-01 19:00:00,15,0.0,0.0,4156.0,1348462300.0
False,B,2020-06-01 19:15:00,15,0.0,0.0,4156.0,1348462300.0
False,B,2020-06-01 19:30:00,15,0.0,0.0,4156.0,1348462300.0
False,B,2020-06-01 19:45:00,15,0.0,0.0,4156.0,1348462300.0
False,B,2020-06-01 20:00:00,15,0.0,0.0,4156.0,1348462300.0
False,B,2020-06-01 20:15:00,15,0.0,0.0,4156.0,1348462300.0
False,B,2020-06-01 20:30:00,15,0.0,0.0,4156.0,1348462300.0
False,B,2020-06-01 20:45:00,15,0.0,0.0,4156.0,1348462300.0
False,B,2020-06-01 21:00:00,15,0.0,0.0,4156.0,1348462300.0
False,B,2020-06-01 21:15:00,15,0.0,0.0,4156.0,1348462300.0
False,B,2020-06-01 21:30:00,15,0.0,0.0,4156.0,1348462300.0
False,B,2020-06-01 21:45:00,15,0.0,0.0,4156.0,1348462300.0
False,B,2020-06-01 22:00:00,15,0.0,0.0,4156.0,1348462300.0
False,B,2020-06-01 22:15:00,15,0.0,0.0,4156.0,1348462300.0
False,B,2020-06-01 22:30:00,15,0.0,0.0,4156.0,1348462300.0
False,B,2020-06-01 22:45:00,15,0.0,0.0,4156.0,1348462300.0
False,B,2020-06-01 23:00:00,15,0.0,0.0,4156.0,1348462300.0
False,B,2020-06-01 23:15:00,15,0.0,0.0,4156.0,1348462300.0
False,B,2020-06-01 23:30:00,15,0.0,0.0,4156.0,1348462300.0
False,B,2020-06-01 23:45:00,15,0.0,0.0,4156.0,1348462300.0
False,B,2020-06-02 00:00:00,15,0.0,0.0,4156.0,1348462300.0
False,B,2020-06-02 00:15:00,15,0.0,0.0,4156.0,1348462300.0
False,B,2020-06-02 00:30:00,15,0.0,0.0,0.0,1348462300.0
False,B,2020-06-02 00:45:00,15,0.0,0.0,0.0,1348462300.0
False,B,2020-06-02 01:00:00,15,0.0,0.0,0.0,1348462300.0
False,B,2020-06-02 01:15:00,15,0.0,0.0,0.0,1348462300.0
False,B,2020-06-02 01:30:00,15,0.0,0.0,0.0,1348462300.0
False,B,2020-06-02 01:45:00,15,0.0,0.0,0.0,1348462300.0
False,B,2020-06-02 02:00:00,15,0.0,0.0,0.0,1348462300.0
False,B,2020-06-02 02:15:00,15,0.0,0.0,0.0,1348462300.0
False,B,2020-06-02 02:30:00,15,0.0,0.0,0.0,1348462300.0
False,B,2020-06-02 02:45:00,15,0.0,0.0,0.0,1348462300.0
False,B,2020-06-02 03:00:00,15,0.0,0.0,0.0,1258564813.3333335
False,B,2020-06-02 03:15:00,15,0.0,0.0,0.0,1348462300.0
False,B,2020-06-02 03:30:00,15,0.0,0.0,0.0,1348462300.0
False,B,2020-06-02 03:45:00,15,0.0,0.0,0.0,1348462300.0
False,B,2020-06-02 04:00:00,15,0.0,0.0,0.0,1348462300.0
False,B,2020-06-02 04:15:00,15,0.0,0.0,0.0,1348462300.0
False,B,2020-06-02 04:30:00,15,0.0,0.0,0.0,1348462300.0
False,B,2020-06-02 04:45:00,15,0.0,0.0,0.0,1348462300.0
False,B,2020-06-02 05:00:00,15,0.0,0.0,0.0,1348462300.0
False,B,2020-06-02 05:15:00,15,0.0,0.0,0.0,1348462300.0
False,B,2020-06-02 05:30:00,15,0.0,0.0,0.0,1348462300.0
False,B,2020-06-02 05:45:00,15,0.0,0.0,0.0,1348462300.0
False,B,2020-06-02 06:00:00,15,25.96666666666667,25.09333333333333,2.1333333333333333,1348462302.1333334
False,B,2020-06-02 06:15:00,15,64.56428571428572,62.54285714285714,12.428571428571429,1348462312.4285717
False,B,2020-06-02 06:30:00,15,107.36,104.38,33.06666666666666,1348462333.0666668
False,B,2020-06-02 06:45:00,15,239.5533333333333,234.9,73.00000000000001,1348462372.9999998
False,B,2020-06-02 07:00:00,15,237.57333333333327,233.0,132.8,1348462432.8000002
False,B,2020-06-02 07:15:00,15,315.3666666666667,309.8799999999999,203.2,1348462503.1999998
False,B,2020-06-02 07:30:00,15,351.45714285714286,345.49285714285713,283.21428571428567,1348462583.2142856
False,B,2020-06-02 07:45:00,15,378.9466666666667,372.3933333333334,370.86666666666656,1348462670.8666666
False,B,2020-06-02 08:00:00,15,469.04666666666657,460.0333333333333,476.6666666666666,1348462776.6666667
False,B,2020-06-02 08:15:00,15,523.1666666666665,512.84,600.4666666666667,1348462900.4666667
False,B,2020-06-02 08:30:00,15,507.48,497.5733333333334,726.9333333333332,1348463026.9333336
False,B,2020-06-02 08:45:00,15,638.0428571428571,625.0785714285713,862.8571428571428,1348463162.8571427
False,B,2020-06-02 09:00:00,15,701.9466666666667,687.44,1027.0,1348463327.0
False,B,2020-06-02 09:15:00,15,595.2666666666667,583.32,1187.6,1348463487.6
False,B,2020-06-02 09:30:00,15,586.6666666666665,574.9599999999999,1327.6,1348463627.6
False,B,2020-06-02 09:45:00,15,581.6266666666667,569.9666666666667,1480.1333333333332,1348463780.1333334
False,B,2020-06-02 10:00:00,15,621.4,608.7714285714286,1620.5714285714284,1348463920.5714283
False,B,2020-06-02 10:15:00,15,699.7800000000001,685.2600000000001,1790.2000000000005,1348464090.1999998
False,B,2020-06-02 10:30:00,15,621.42,608.76,1953.4,1348464253.4
False,B,2020-06-02 10:45:00,15,712.2133333333334,697.0666666666666,2114.8666666666672,1348464414.8666666
False,B,2020-06-02 11:00:00,15,622.8642857142856,610.2285714285715,2278.9999999999995,1348464579.0
False,B,2020-06-02 11:15:00,15,236.3733333333333,231.46,1114.7333333333331,898976463.4000002
True,B,2020-06-02 11:30:00,15,0.0,0.0,0.0,1348464710.0
True,B,2020-06-02 11:45:00,15,0.0,0.0,0.0,1348464710.0
True,B,2020-06-02 12:00:00,15,0.0,0.0,0.0,1348464710.0
True,B,2020-06-02 12:15:00,15,0.0,0.0,0.0,1348464710.0
True,B,2020-06-02 12:30:00,15,0.0,0.0,0.0,0.0
False,B,2020-06-02 12:45:00,15,858.9799999999998,838.08,1841.4,1258567136.733333
False,B,2020-06-02 13:00:00,15,819.6466666666665,801.96,2723.4666666666662,1348465023.4666667
False,B,2020-06-02 13:15:00,15,1211.753333333333,1182.5199999999998,2969.5999999999995,1348465269.6
False,B,2020-06-02 13:30:00,15,1263.2928571428574,1232.007142857143,3249.928571428571,1348465549.9285717
False,B,2020-06-02 13:45:00,15,1130.8866666666663,1103.5466666666666,3551.9333333333334,1348465851.9333334
False,B,2020-06-02 14:00:00,15,1304.9199999999996,1272.4933333333336,3847.533333333333,1348466147.5333333
False,B,2020-06-02 14:15:00,15,1072.24,1046.986666666667,4137.400000000001,1348466437.4
False,B,2020-06-02 14:30:00,15,930.0533333333334,908.64,4377.6,1348466677.6
False,B,2020-06-02 14:45:00,15,981.142857142857,958.9571428571428,4613.714285714284,1348466913.7142854
False,B,2020-06-02 15:00:00,15,787.3666666666666,770.3466666666667,4836.866666666668,1348467136.8666663
False,B,2020-06-02 15:15:00,15,560.4333333333334,547.9066666666665,4973.2,1348467273.2
False,B,2020-06-02 15:30:00,15,834.8333333333333,816.6066666666666,5186.2666666666655,1348467486.266667
False,B,2020-06-02 15:45:00,15,500.46,490.48,5353.133333333332,1348467653.1333332
False,B,2020-06-02 16:00:00,15,330.6,323.5928571428572,4274.5,1059510367.3571432
True,B,2020-06-02 16:15:00,15,0.0,0.0,0.0,0.0
True,B,2020-06-02 16:30:00,15,0.0,0.0,0.0,89897852.13333331
False,B,2020-06-02 16:45:00,15,493.36,483.54,4805.133333333334,1348467836.0666666
False,B,2020-06-02 17:00:00,15,498.9666666666667,489.48,5667.999999999999,1348467968.0
False,B,2020-06-02 17:15:00,15,397.97857142857134,391.03571428571433,5773.714285714284,1348468073.714286
False,B,2020-06-02 17:30:00,15,333.52,327.86,5862.2666666666655,1348468162.266667
False,B,2020-06-02 17:45:00,15,204.2,200.0666666666667,5931.666666666667,1348468231.6666667
False,B,2020-06-02 18:00:00,15,147.41999999999996,143.77333333333334,5973.6,1348468273.6
False,B,2020-06-02 18:15:00,15,78.09333333333332,75.74666666666667,6001.733333333335,1348468301.733333
False,B,2020-06-02 18:30:00,15,24.85714285714286,24.01428571428572,6013.642857142857,1348468313.6428573
False,B,2020-06-02 18:45:00,15,1.1466666666666665,1.106666666666667,6016.0,1348468316.0
False,B,2020-06-02 19:00:00,15,0.0,0.0,6016.0,1348468316.0
False,B,2020-06-02 19:15:00,15,0.0,0.0,6016.0,1348468316.0
False,B,2020-06-02 19:30:00,15,0.0,0.0,6016.0,1348468316.0
False,B,2020-06-02 19:45:00,15,0.0,0.0,6016.0,1348468316.0
False,B,2020-06-02 20:00:00,15,0.0,0.0,6016.0,1348468316.0
False,B,2020-06-02 20:15:00,15,0.0,0.0,6016.0,1348468316.0
False,B,2020-06-02 20:30:00,15,0.0,0.0,6016.0,1348468316.0
False,B,2020-06-02 20:45:00,15,0.0,0.0,6016.0,1348468316.0
False,B,2020-06-02 21:00:00,15,0.0,0.0,6016.0,1348468316.0
False,B,2020-06-02 21:15:00,15,0.0,0.0,6016.0,1348468316.0
False,B,2020-06-02 21:30:00,15,0.0,0.0,6016.0,1348468316.0
False,B,2020-06-02 21:45:00,15,0.0,0.0,6016.0,1348468316.0
False,B,2020-06-02 22:00:00,15,0.0,0.0,6016.0,1348468316.0
False,B,2020-06-02 22:15:00,15,0.0,0.0,6016.0,1348468316.0
False,B,2020-06-02 22:30:00,15,0.0,0.0,6016.0,1348468316.0
False,B,2020-06-02 22:45:00,15,0.0,0.0,6016.0,1348468316.0
False,B,2020-06-02 23:00:00,15,0.0,0.0,6016.0,1348468316.0
False,B,2020-06-02 23:15:00,15,0.0,0.0,6016.0,1348468316.0
False,B,2020-06-02 23:30:00,15,0.0,0.0,6016.0,1348468316.0
False,B,2020-06-02 23:45:00,15,0.0,0.0,6016.0,1348468316.0
False,B,2020-06-03 00:00:00,15,0.0,0.0,6016.0,1348468316.0
False,B,2020-06-03 00:15:00,15,0.0,0.0,6016.0,1348468316.0
False,B,2020-06-03 00:30:00,15,0.0,0.0,6016.0,1348468316.0
False,B,2020-06-03 00:45:00,15,0.0,0.0,0.0,1348468316.0
False,B,2020-06-03 01:00:00,15,0.0,0.0,0.0,1348468316.0
False,B,2020-06-03 01:15:00,15,0.0,0.0,0.0,1348468316.0
False,B,2020-06-03 01:30:00,15,0.0,0.0,0.0,1348468316.0
False,B,2020-06-03 01:45:00,15,0.0,0.0,0.0,1348468316.0
False,B,2020-06-03 02:00:00,15,0.0,0.0,0.0,1348468316.0
False,B,2020-06-03 02:15:00,15,0.0,0.0,0.0,1348468316.0
False,B,2020-06-03 02:30:00,15,0.0,0.0,0.0,1348468316.0
False,B,2020-06-03 02:45:00,15,0.0,0.0,0.0,1348468316.0
False,B,2020-06-03 03:00:00,15,0.0,0.0,0.0,1348468316.0
False,B,2020-06-03 03:15:00,15,0.0,0.0,0.0,1348468316.0
False,B,2020-06-03 03:30:00,15,0.0,0.0,0.0,1348468316.0
False,B,2020-06-03 03:45:00,15,0.0,0.0,0.0,1348468316.0
False,B,2020-06-03 04:00:00,15,0.0,0.0,0.0,1348468316.0
False,B,2020-06-03 04:15:00,15,0.0,0.0,0.0,1348468316.0
False,B,2020-06-03 04:30:00,15,0.0,0.0,0.0,1348468316.0
False,B,2020-06-03 04:45:00,15,0.0,0.0,0.0,1348468316.0
False,B,2020-06-03 05:00:00,15,0.0,0.0,0.0,1348468316.0
False,B,2020-06-03 05:15:00,15,0.0,0.0,0.0,1348468316.0
False,B,2020-06-03 05:30:00,15,0.0,0.0,0.0,1348468316.0
False,B,2020-06-03 05:45:00,15,0.0,0.0,0.0,1348468316.0
False,B,2020-06-03 06:00:00,15,2.293333333333333,2.22,0.0,1348468316.0
False,B,2020-06-03 06:15:00,15,27.666666666666668,26.72,3.4,1348468319.4
False,B,2020-06-03 06:30:00,15,59.246666666666655,57.35999999999999,13.933333333333334,1348468329.9333336
False,B,2020-06-03 06:45:00,15,101.7285714285714,98.82142857142856,31.071428571428573,1348468347.0714283
False,B,2020-06-03 07:00:00,15,148.36,144.51333333333332,63.00000000000001,1348468378.9999998
False,B,2020-06-03 07:15:00,15,174.76666666666665,170.88666666666668,103.13333333333334,1348468419.133333
False,B,2020-06-03 07:30:00,15,189.6133333333333,185.78,146.4,1348468462.4
False,B,2020-06-03 07:45:00,15,345.26666666666665,338.57333333333327,203.8,1348468519.8
False,B,2020-06-03 08:00:00,15,428.0928571428572,420.24285714285713,314.0714285714286,1348468630.0714288
False,B,2020-06-03 08:15:00,15,430.35333333333335,422.6466666666667,412.6,1348468728.6
False,B,2020-06-03 08:30:00,15,499.77333333333326,489.98,527.2666666666667,1348468843.266667
False,B,2020-06-03 08:45:00,15,518.1333333333333,507.9266666666666,654.9333333333335,1348468970.9333334
False,B,2020-06-03 09:00:00,15,662.7066666666666,649.1,801.0,1348469116.9999998
False,B,2020-06-03 09:15:00,15,417.3857142857144,409.2714285714285,945.1428571428572,1348469261.1428573
False,B,2020-06-03 09:30:00,15,488.0533333333333,478.71333333333325,1038.7333333333331,1348469354.733333
False,B,2020-06-03 09:45:00,15,633.8133333333333,620.8866666666667,1171.1333333333332,1348469487.1333337
False,B,2020-06-03 10:00:00,15,555.4933333333332,544.3333333333333,1336.9333333333334,1348469652.9333334
False,B,2020-06-03 10:15:00,15,419.4333333333333,411.15333333333336,1462.8,1348469778.8
False,B,2020-06-03 10:30:00,15,470.0214285714285,460.9071428571429,1548.2857142857144,1348469864.2857146
False,B,2020-06-03 10:45:00,15,188.4466666666667,184.14,435.06666666666666,359591986.0
False,B,2020-06-03 11:00:00,15,499.9666666666666,488.83333333333326,1031.0,809082020.6
False,B,2020-06-03 11:15:00,15,877.6866666666666,858.4533333333336,1873.6666666666667,1348470189.6666667
False,B,2020-06-03 11:30:00,15,345.2933333333333,337.42666666666673,2059.8000000000006,1348470375.8000002
True,B,2020-06-03 11:45:00,15,0.0,0.0,2077.0,1348470393.0
True,B,2020-06-03 12:00:00,15,0.0,0.0,2077.0,1348470393.0
True,B,2020-06-03 12:15:00,15,0.0,0.0,2077.0,1348470393.0
True,B,2020-06-03 12:30:00,15,0.0,0.0,2077.0,1348470393.0
False,B,2020-06-03 12:45:00,15,137.7466666666667,135.24,2084.5333333333333,1348470400.5333333
False,B,2020-06-03 13:00:00,15,99.32142857142856,96.55,2118.214285714286,1348470434.214286
False,B,2020-06-03 13:15:00,15,578.8866666666665,567.1733333333333,2186.0666666666666,1348470502.0666668
False,B,2020-06-03 13:30:00,15,618.7199999999999,606.2133333333334,2359.6666666666665,1348470675.6666665
False,B,2020-06-03 13:45:00,15,535.2,517.8333333333333,2452.333333333333,1348470768.3333333
True,B,2020-06-03 14:15:00,15,0.0,0.0,2576.0,1348470892.0
False,B,2020-06-03 14:30:00,15,66.52666666666666,65.22,2576.5333333333333,1348470892.5333333
False,B,2020-06-03 14:45:00,15,414.3133333333333,405.9733333333333,2652.866666666667,1348470968.8666668
True,B,2020-06-03 15:00:00,15,0.0,0.0,2696.0,1348471012.0
False,B,2020-06-03 15:15:00,15,204.7133333333333,200.4,2701.9999999999995,1348471018.0
False,B,2020-06-03 15:30:00,15,434.8,426.6,2795.5,1348471111.5
False,B,2020-06-03 15:45:00,15,696.1466666666665,681.7800000000001,2929.7333333333336,1348471245.733333
False,B,2020-06-03 16:00:00,15,473.65333333333336,464.6599999999999,3081.4000000000005,1348471397.4
False,B,2020-06-03 16:15:00,15,296.76000000000005,291.4600000000001,3173.4,1348471489.4
False,B,2020-06-03 16:30:00,15,248.3571428571429,243.53571428571428,3234.2857142857147,1348471550.285714
False,B,2020-06-03 16:45:00,15,283.36,278.06,3296.333333333333,1348471612.3333333
False,B,2020-06-03 17:00:00,15,255.26,250.49333333333337,3369.933333333333,1348471685.9333334
False,B,2020-06-03 17:15:00,15,174.88,171.39999999999998,3421.8,1348471737.7999997
False,B,2020-06-03 17:30:00,15,147.97333333333333,144.39333333333337,3461.8,1348471777.8000002
False,B,2020-06-03 17:45:00,15,120.7714285714286,117.45714285714284,3493.857142857142,1348471809.8571427
False,B,2020-06-03 18:00:00,15,77.97333333333333,75.63333333333331,3518.333333333333,1348471834.3333333
False,B,2020-06-03 18:15:00,15,37.32666666666666,36.07333333333333,3531.933333333333,1348471847.9333332
False,B,2020-06-03 18:30:00,15,12.193333333333332,11.766666666666666,3538.0,1348471854.0
False,B,2020-06-03 18:45:00,15,0.0,0.0,3540.0,1348471856.0
False,B,2020-06-03 19:00:00,15,0.0,0.0,3540.0,1348471856.0
False,B,2020-06-03 19:15:00,15,0.0,0.0,3540.0,1348471856.0
False,B,2020-06-03 19:30:00,15,0.0,0.0,3540.0,1348471856.0
False,B,2020-06-03 19:45:00,15,0.0,0.0,3540.0,1348471856.0
False,B,2020-06-03 20:00:00,15,0.0,0.0,3540.0,1348471856.0
False,B,2020-06-03 20:15:00,15,0.0,0.0,3540.0,1348471856.0
False,B,2020-06-03 20:30:00,15,0.0,0.0,3540.0,1348471856.0
False,B,2020-06-03 20:45:00,15,0.0,0.0,3540.0,1348471856.0
False,B,2020-06-03 21:00:00,15,0.0,0.0,3540.0,1348471856.0
False,B,2020-06-03 21:15:00,15,0.0,0.0,3540.0,1348471856.0
False,B,2020-06-03 21:30:00,15,0.0,0.0,3540.0,1348471856.0
False,B,2020-06-03 21:45:00,15,0.0,0.0,3540.0,1348471856.0
False,B,2020-06-03 22:00:00,15,0.0,0.0,3540.0,1348471856.0
False,B,2020-06-03 22:15:00,15,0.0,0.0,3540.0,1348471856.0
False,B,2020-06-03 22:30:00,15,0.0,0.0,3540.0,1348471856.0
False,B,2020-06-03 22:45:00,15,0.0,0.0,3540.0,1348471856.0
False,B,2020-06-03 23:00:00,15,0.0,0.0,3540.0,1348471856.0
False,B,2020-06-03 23:15:00,15,0.0,0.0,3540.0,1348471856.0
False,B,2020-06-03 23:30:00,15,0.0,0.0,3540.0,1348471856.0
False,B,2020-06-03 23:45:00,15,0.0,0.0,3540.0,1348471856.0
False,B,2020-06-04 00:00:00,15,0.0,0.0,3540.0,1348471856.0
False,B,2020-06-04 00:15:00,15,0.0,0.0,3540.0,1348471856.0
False,B,2020-06-04 00:30:00,15,0.0,0.0,3540.0,1348471856.0
False,B,2020-06-04 00:45:00,15,0.0,0.0,3540.0,1348471856.0
False,B,2020-06-04 01:00:00,15,0.0,0.0,0.0,1348471856.0
False,B,2020-06-04 01:15:00,15,0.0,0.0,0.0,1348471856.0
False,B,2020-06-04 01:30:00,15,0.0,0.0,0.0,1348471856.0
False,B,2020-06-04 01:45:00,15,0.0,0.0,0.0,1348471856.0
False,B,2020-06-04 02:00:00,15,0.0,0.0,0.0,1348471856.0
False,B,2020-06-04 02:15:00,15,0.0,0.0,0.0,1348471856.0
False,B,2020-06-04 02:30:00,15,0.0,0.0,0.0,1348471856.0
False,B,2020-06-04 02:45:00,15,0.0,0.0,0.0,1348471856.0
False,B,2020-06-04 03:00:00,15,0.0,0.0,0.0,1348471856.0
False,B,2020-06-04 03:15:00,15,0.0,0.0,0.0,1348471856.0
False,B,2020-06-04 03:30:00,15,0.0,0.0,0.0,1348471856.0
False,B,2020-06-04 03:45:00,15,0.0,0.0,0.0,1348471856.0
False,B,2020-06-04 04:00:00,15,0.0,0.0,0.0,1348471856.0
False,B,2020-06-04 04:15:00,15,0.0,0.0,0.0,1348471856.0
False,B,2020-06-04 04:30:00,15,0.0,0.0,0.0,1348471856.0
False,B,2020-06-04 04:45:00,15,0.0,0.0,0.0,1348471856.0
False,B,2020-06-04 05:00:00,15,0.0,0.0,0.0,1348471856.0
False,B,2020-06-04 05:15:00,15,0.0,0.0,0.0,1348471856.0
False,B,2020-06-04 05:30:00,15,0.0,0.0,0.0,1348471856.0
False,B,2020-06-04 05:45:00,15,0.0,0.0,0.0,1348471856.0
False,B,2020-06-04 06:00:00,15,4.471428571428571,4.307142857142858,0.0,1348471856.0
False,B,2020-06-04 06:15:00,15,27.6,26.660000000000004,2.9333333333333327,1348471858.9333336
False,B,2020-06-04 06:30:00,15,63.14666666666666,61.146666666666654,13.866666666666667,1348471869.8666666
False,B,2020-06-04 06:45:00,15,104.56666666666666,101.61333333333332,34.400000000000006,1348471890.4
False,B,2020-06-04 07:00:00,15,169.77333333333334,166.29333333333335,67.6,1348471923.6
False,B,2020-06-04 07:15:00,15,209.1285714285714,205.0285714285714,115.85714285714286,1348471971.8571427
False,B,2020-06-04 07:30:00,15,240.19333333333336,235.54,167.0666666666667,1348472023.0666668
False,B,2020-06-04 07:45:00,15,332.2066666666668,326.4266666666667,237.7333333333333,1348472093.733333
False,B,2020-06-04 08:00:00,15,370.9333333333333,364.56000000000006,324.4,1348472180.4
False,B,2020-06-04 08:15:00,15,561.0533333333333,549.8399999999999,442.86666666666656,1348472298.8666666
False,B,2020-06-04 08:30:00,15,525.4214285714286,515.0857142857143,569.2857142857143,1348472425.285714
False,B,2020-06-04 08:45:00,15,510.9533333333334,500.89333333333326,691.6666666666665,1348472547.6666667
False,B,2020-06-04 09:00:00,15,580.8466666666668,569.2133333333333,830.2666666666665,1348472686.266667
False,B,2020-06-04 09:15:00,15,665.7133333333334,652.0866666666667,982.6,1348472838.6
False,B,2020-06-04 09:30:00,15,728.6133333333332,713.38,1153.0666666666668,1348473009.0666668
False,B,2020-06-04 09:45:00,15,688.3642857142855,673.7928571428571,1319.2142857142858,1348473175.2142854
False,B,2020-06-04 10:00:00,15,1010.48,986.76,1547.5333333333333,1348473403.5333333
False,B,2020-06-04 10:15:00,15,999.9933333333332,977.5333333333332,1787.7333333333331,1348473643.733333
False,B,2020-06-04 10:30:00,15,524.1200000000001,511.5799999999999,1870.4666666666665,1258575602.733333
False,B,2020-06-04 10:45:00,15,0.0,0.0,0.0,269694778.20000005
True,B,2020-06-04 11:00:00,15,0.0,0.0,0.0,0.0
False,B,2020-06-04 11:15:00,15,175.95333333333335,172.14666666666665,410.4666666666667,539389559.8666668
False,B,2020-06-04 11:30:00,15,1073.24,1048.44,2212.0000000000005,1348474068.0
False,B,2020-06-04 11:45:00,15,1191.14,1162.2666666666669,2498.6,1348474354.6
False,B,2020-06-04 12:00:00,15,1025.7933333333333,1002.1933333333332,2778.9333333333334,1348474634.9333332
False,B,2020-06-04 12:15:00,15,886.65,866.5071428571428,3004.2142857142853,1348474860.2142854
False,B,2020-06-04 12:30:00,15,1287.7533333333336,1256.0933333333337,3241.666666666667,1348475097.6666665
False,B,2020-06-04 12:45:00,15,1264.253333333333,1233.2333333333331,3570.0666666666666,1348475426.0666668
False,B,2020-06-04 13:00:00,15,900.3466666666666,880.0133333333333,3853.933333333333,1348475709.9333334
False,B,2020-06-04 13:15:00,15,1195.3866666666663,1166.3333333333337,4096.8,1348475952.8000002
False,B,2020-06-04 13:30:00,15,1070.0642857142857,1044.8428571428572,4391.285714285715,1348476247.2857144
False,B,2020-06-04 13:45:00,15,398.58,391.48666666666657,4545.9333333333325,1348476401.9333332
False,B,2020-06-04 14:00:00,15,375.71333333333337,369.21333333333325,4645.133333333333,1348476501.1333334
False,B,2020-06-04 14:15:00,15,616.78,604.32,4759.733333333334,1348476615.733333
False,B,2020-06-04 14:30:00,15,565.0714285714284,553.7642857142857,4914.857142857143,1348476770.8571427
False,B,2020-06-04 14:45:00,15,558.9133333333333,547.7999999999998,5040.999999999999,1348476897.0000002
False,B,2020-06-04 15:00:00,15,599.46,587.3866666666667,5190.133333333333,1348477046.1333334
False,B,2020-06-04 15:15:00,15,482.8533333333333,473.4333333333333,5322.6,1348477178.6
False,B,2020-06-04 15:30:00,15,456.3733333333333,447.8733333333333,5443.933333333334,1348477299.9333332
False,B,2020-06-04 15:45:00,15,386.6928571428572,380.0142857142857,5543.571428571428,1348477399.5714283
False,B,2020-06-04 16:00:00,15,274.07333333333327,268.9533333333334,5622.533333333334,1348477478.5333333
False,B,2020-06-04 16:15:00,15,336.3999999999999,330.58666666666664,5694.2666666666655,1348477550.266667
False,B,2020-06-04 16:30:00,15,373.1,366.3,5780.0,1348477636.0000002
False,B,2020-06-04 16:45:00,15,473.9733333333333,464.8733333333333,5888.8,1348477744.8000002
False,B,2020-06-04 17:00:00,15,298.92,293.2866666666667,5989.466666666665,1348477845.4666667
False,B,2020-06-04 17:15:00,15,192.6357142857143,188.83571428571423,6045.857142857142,1348477901.8571427
False,B,2020-06-04 17:30:00,15,144.3333333333333,140.7733333333333,6085.8,1348477941.7999997
False,B,2020-06-04 17:45:00,15,117.72,114.45333333333332,6117.999999999999,1348477974.0
False,B,2020-06-04 18:00:00,15,82.93333333333332,80.46666666666665,6142.933333333332,1348477998.9333332
False,B,2020-06-04 18:15:00,15,45.940000000000005,44.43333333333333,6158.8,1348478014.8
False,B,2020-06-04 18:30:00,15,22.085714285714285,21.32857142857144,6166.785714285715,1348478022.7857144
False,B,2020-06-04 18:45:00,15,0.0,0.0,6168.0,1348478024.0
False,B,2020-06-04 19:00:00,15,0.0,0.0,6168.0,1348478024.0
False,B,2020-06-04 19:15:00,15,0.0,0.0,6168.0,1348478024.0
False,B,2020-06-04 19:30:00,15,0.0,0.0,6168.0,1348478024.0
False,B,2020-06-04 19:45:00,15,0.0,0.0,6168.0,1348478024.0
False,B,2020-06-04 20:00:00,15,0.0,0.0,6168.0,1348478024.0
False,B,2020-06-04 20:15:00,15,0.0,0.0,6168.0,1348478024.0
False,B,2020-06-04 20:30:00,15,0.0,0.0,6168.0,1348478024.0
False,B,2020-06-04 20:45:00,15,0.0,0.0,6168.0,1348478024.0
False,B,2020-06-04 21:00:00,15,0.0,0.0,6168.0,1348478024.0
False,B,2020-06-04 21:15:00,15,0.0,0.0,6168.0,1348478024.0
False,B,2020-06-04 21:30:00,15,0.0,0.0,6168.0,1348478024.0
False,B,2020-06-04 21:45:00,15,0.0,0.0,6168.0,1348478024.0
False,B,2020-06-04 22:00:00,15,0.0,0.0,6168.0,1348478024.0
False,B,2020-06-04 22:15:00,15,0.0,0.0,6168.0,1348478024.0
False,B,2020-06-04 22:30:00,15,0.0,0.0,6168.0,1348478024.0
False,B,2020-06-04 22:45:00,15,0.0,0.0,6168.0,1348478024.0
False,B,2020-06-04 23:00:00,15,0.0,0.0,6168.0,1348478024.0
False,B,2020-06-04 23:15:00,15,0.0,0.0,6168.0,1348478024.0
False,B,2020-06-04 23:30:00,15,0.0,0.0,6168.0,1348478024.0
False,B,2020-06-04 23:45:00,15,0.0,0.0,6168.0,1348478024.0
False,B,2020-06-05 00:00:00,15,0.0,0.0,6168.0,1348478024.0
False,B,2020-06-05 00:15:00,15,0.0,0.0,6168.0,1348478024.0
False,B,2020-06-05 00:30:00,15,0.0,0.0,6168.0,1348478024.0
False,B,2020-06-05 00:45:00,15,0.0,0.0,6168.0,1348478024.0
False,B,2020-06-05 01:00:00,15,0.0,0.0,6168.0,1348478024.0
False,B,2020-06-05 01:15:00,15,0.0,0.0,6168.0,1348478024.0
False,B,2020-06-05 01:30:00,15,0.0,0.0,6168.0,1348478024.0
False,B,2020-06-05 01:45:00,15,0.0,0.0,6168.0,1348478024.0
False,B,2020-06-05 02:00:00,15,0.0,0.0,6168.0,1348478024.0
False,B,2020-06-05 02:15:00,15,0.0,0.0,6168.0,1348478024.0
False,B,2020-06-05 02:30:00,15,0.0,0.0,6168.0,1348478024.0
False,B,2020-06-05 02:45:00,15,0.0,0.0,6168.0,1348478024.0
False,B,2020-06-05 03:00:00,15,0.0,0.0,6168.0,1348478024.0
False,B,2020-06-05 03:15:00,15,0.0,0.0,6168.0,1348478024.0
False,B,2020-06-05 03:30:00,15,0.0,0.0,6168.0,1348478024.0
False,B,2020-06-05 03:45:00,15,0.0,0.0,6168.0,1348478024.0
False,B,2020-06-05 04:00:00,15,0.0,0.0,6168.0,1348478024.0
False,B,2020-06-05 04:15:00,15,0.0,0.0,6168.0,1348478024.0
False,B,2020-06-05 04:30:00,15,0.0,0.0,6168.0,1348478024.0
False,B,2020-06-05 04:45:00,15,0.0,0.0,6168.0,1348478024.0
False,B,2020-06-05 05:00:00,15,0.0,0.0,6168.0,1348478024.0
False,B,2020-06-05 05:15:00,15,0.0,0.0,6168.0,1348478024.0
False,B,2020-06-05 05:30:00,15,0.0,0.0,6168.0,1348478024.0
False,B,2020-06-05 05:45:00,15,0.0,0.0,0.0,1348478024.0
False,B,2020-06-05 06:00:00,15,4.173333333333333,4.0200000000000005,0.4666666666666666,1348478024.4666667
False,B,2020-06-05 06:15:00,15,30.714285714285708,29.67857142857143,4.642857142857142,1348478028.6428573
False,B,2020-06-05 06:30:00,15,59.926666666666655,58.040000000000006,14.933333333333334,1348478038.9333332
False,B,2020-06-05 06:45:00,15,121.91333333333334,118.76,36.066666666666656,1348478060.0666666
False,B,2020-06-05 07:00:00,15,165.38,161.70000000000002,72.6,1348478096.6
False,B,2020-06-05 07:15:00,15,198.32,194.38666666666663,117.73333333333332,1348478141.733333
False,B,2020-06-05 07:30:00,15,212.8571428571429,208.6857142857143,168.57142857142856,1348478192.5714283
False,B,2020-06-05 07:45:00,15,272.49333333333334,267.24,226.26666666666665,1348478250.266667
False,B,2020-06-05 08:00:00,15,316.7666666666667,311.2266666666667,300.33333333333337,1348478324.3333333
False,B,2020-06-05 08:15:00,15,499.8599999999999,490.1133333333333,398.4666666666666,1348478422.4666665
False,B,2020-06-05 08:30:00,15,753.4866666666669,737.6933333333334,554.0666666666666,1348478578.0666664
False,B,2020-06-05 08:45:00,15,654.2714285714285,640.8499999999999,731.2857142857142,1348478755.285714
False,B,2020-06-05 09:00:00,15,628.4733333333332,615.6200000000001,878.5333333333334,1348478902.5333335
False,B,2020-06-05 09:15:00,15,1066.7133333333334,1042.46,1083.6666666666667,1348479107.6666667
False,B,2020-06-05 09:30:00,15,982.6933333333332,960.5933333333336,1341.0,1348479365.0
False,B,2020-06-05 09:45:00,15,1001.8533333333332,977.6733333333334,1575.0666666666666,1348479599.0666666
False,B,2020-06-05 10:00:00,15,1115.9714285714283,1089.1,1834.0714285714284,1348479858.0714288
False,B,2020-06-05 10:15:00,15,927.8933333333332,906.24,2054.2666666666664,1348480078.266667
False,B,2020-06-05 10:30:00,15,1240.2266666666667,1209.593333333333,2349.8666666666663,1348480373.8666666
False,B,2020-06-05 10:45:00,15,1158.1333333333332,1130.16,2644.7333333333336,1348480668.7333336
False,B,2020-06-05 11:00:00,15,1193.5428571428572,1164.3142857142857,2939.571428571429,1348480963.5714283
False,B,2020-06-05 11:15:00,15,1136.54,1109.26,3209.9333333333334,1348481233.9333334
False,B,2020-06-05 11:30:00,15,1077.76,1051.9466666666667,3496.7333333333327,1348481520.733333
False,B,2020-06-05 11:45:00,15,530.7333333333333,520.1733333333333,3678.2,1348481702.2
False,B,2020-06-05 12:00:00,15,1253.493333333333,1222.7800000000002,3885.2666666666655,1348481909.266667
False,B,2020-06-05 12:15:00,15,1277.814285714286,1246.4214285714286,4198.071428571428,1348482222.0714283
False,B,2020-06-05 12:30:00,15,1264.6133333333337,1233.4,4493.400000000001,1348482517.4
False,B,2020-06-05 12:45:00,15,997.5866666666664,973.5533333333336,4806.733333333334,1348482830.733333
False,B,2020-06-05 13:00:00,15,948.6866666666668,926.2866666666664,5030.666666666667,1348483054.6666667
False,B,2020-06-05 13:15:00,15,1351.6466666666663,1317.8533333333337,5310.200000000001,1348483334.1999996
False,B,2020-06-05 13:30:00,15,476.4785714285714,467.55,5541.499999999999,1348483565.5
False,B,2020-06-05 13:45:00,15,320.64,315.03333333333336,5630.533333333332,1348483654.5333333
False,B,2020-06-05 14:00:00,15,374.3200000000001,367.89333333333326,5718.133333333334,1348483742.133333
False,B,2020-06-05 14:15:00,15,444.0666666666667,435.91333333333336,5815.2,1348483839.2
False,B,2020-06-05 14:30:00,15,533.2214285714285,522.6714285714286,5937.857142857143,1348483961.8571427
False,B,2020-06-05 14:45:00,15,392.3466666666666,385.5333333333333,6048.466666666664,1348484072.4666667
False,B,2020-06-05 15:00:00,15,486.3866666666667,477.09333333333336,6150.666666666667,1348484174.6666665
False,B,2020-06-05 15:15:00,15,580.42,568.7800000000001,6290.0,1348484314.0
False,B,2020-06-05 15:30:00,15,504.42,494.6733333333333,6425.800000000001,1348484449.8
False,B,2020-06-05 15:45:00,15,385.99285714285713,379.3357142857144,6531.5,1348484555.5000002
False,B,2020-06-05 16:00:00,15,346.2666666666667,340.34666666666664,6621.8,1348484645.8
False,B,2020-06-05 16:15:00,15,340.62666666666667,334.78000000000003,6704.4,1348484728.4
False,B,2020-06-05 16:30:00,15,507.3400000000001,497.56,6797.666666666665,1348484821.6666667
False,B,2020-06-05 16:45:00,15,609.5200000000001,597.1600000000001,6959.733333333333,1348484983.733333
False,B,2020-06-05 17:00:00,15,460.52857142857135,451.9,7081.000000000001,1348485105.0
False,B,2020-06-05 17:15:00,15,310.16,304.70666666666665,7174.6,1348485198.6
False,B,2020-06-05 17:30:00,15,182.88666666666668,178.81333333333333,7231.666666666669,1348485255.6666667
False,B,2020-06-05 17:45:00,15,179.06,175.3,7281.2666666666655,1348485305.2666662
False,B,2020-06-05 18:00:00,15,73.04285714285713,70.81428571428573,7309.92857142857,1348485333.9285712
False,B,2020-06-05 18:15:00,15,39.66,38.326666666666654,7323.533333333331,1348485347.5333333
False,B,2020-06-05 18:30:00,15,18.866666666666667,18.213333333333328,7331.000000000002,1348485355.0
False,B,2020-06-05 18:45:00,15,0.0,0.0,7333.0,1348485357.0
False,B,2020-06-05 19:00:00,15,0.0,0.0,7333.0,1348485357.0
False,B,2020-06-05 19:15:00,15,0.0,0.0,7333.0,1348485357.0
False,B,2020-06-05 19:30:00,15,0.0,0.0,7333.0,1348485357.0
False,B,2020-06-05 19:45:00,15,0.0,0.0,7333.0,1348485357.0
False,B,2020-06-05 20:00:00,15,0.0,0.0,7333.0,1348485357.0
False,B,2020-06-05 20:15:00,15,0.0,0.0,7333.0,1348485357.0
False,B,2020-06-05 20:30:00,15,0.0,0.0,7333.0,1348485357.0
False,B,2020-06-05 20:45:00,15,0.0,0.0,7333.0,1348485357.0
False,B,2020-06-05 21:00:00,15,0.0,0.0,7333.0,1348485357.0
False,B,2020-06-05 21:15:00,15,0.0,0.0,7333.0,1348485357.0
False,B,2020-06-05 21:30:00,15,0.0,0.0,7333.0,1348485357.0
False,B,2020-06-05 21:45:00,15,0.0,0.0,7333.0,1348485357.0
False,B,2020-06-05 22:00:00,15,0.0,0.0,7333.0,1348485357.0
False,B,2020-06-05 22:15:00,15,0.0,0.0,7333.0,1348485357.0
False,B,2020-06-05 22:30:00,15,0.0,0.0,7333.0,1348485357.0
False,B,2020-06-05 22:45:00,15,0.0,0.0,7333.0,1348485357.0
False,B,2020-06-05 23:00:00,15,0.0,0.0,7333.0,1348485357.0
False,B,2020-06-05 23:15:00,15,0.0,0.0,7333.0,1348485357.0
False,B,2020-06-05 23:30:00,15,0.0,0.0,7333.0,1348485357.0
False,B,2020-06-05 23:45:00,15,0.0,0.0,7333.0,1348485357.0
False,B,2020-06-06 00:00:00,15,0.0,0.0,7333.0,1348485357.0
False,B,2020-06-06 00:15:00,15,0.0,0.0,7333.0,1348485357.0
False,B,2020-06-06 00:30:00,15,0.0,0.0,7333.0,1348485357.0
False,B,2020-06-06 00:45:00,15,0.0,0.0,7333.0,1348485357.0
False,B,2020-06-06 01:00:00,15,0.0,0.0,7333.0,1348485357.0
False,B,2020-06-06 01:15:00,15,0.0,0.0,7333.0,1348485357.0
False,B,2020-06-06 01:30:00,15,0.0,0.0,7333.0,1348485357.0
False,B,2020-06-06 01:45:00,15,0.0,0.0,7333.0,1348485357.0
False,B,2020-06-06 02:00:00,15,0.0,0.0,7333.0,1348485357.0
False,B,2020-06-06 02:15:00,15,0.0,0.0,7333.0,1348485357.0
False,B,2020-06-06 02:30:00,15,0.0,0.0,7333.0,1348485357.0
False,B,2020-06-06 02:45:00,15,0.0,0.0,7333.0,1348485357.0
False,B,2020-06-06 03:00:00,15,0.0,0.0,7333.0,1348485357.0
False,B,2020-06-06 03:15:00,15,0.0,0.0,7333.0,1348485357.0
False,B,2020-06-06 03:30:00,15,0.0,0.0,7333.0,1348485357.0
False,B,2020-06-06 03:45:00,15,0.0,0.0,7333.0,1348485357.0
False,B,2020-06-06 04:00:00,15,0.0,0.0,7333.0,1348485357.0
False,B,2020-06-06 04:15:00,15,0.0,0.0,7333.0,1348485357.0
False,B,2020-06-06 04:30:00,15,0.0,0.0,7333.0,1348485357.0
False,B,2020-06-06 04:45:00,15,0.0,0.0,7333.0,1348485357.0
False,B,2020-06-06 05:00:00,15,0.0,0.0,7333.0,1348485357.0
False,B,2020-06-06 05:15:00,15,0.0,0.0,7333.0,1348485357.0
False,B,2020-06-06 05:30:00,15,0.0,0.0,7333.0,1348485357.0
False,B,2020-06-06 05:45:00,15,0.0,0.0,0.0,1348485357.0
False,B,2020-06-06 06:00:00,15,12.566666666666666,12.126666666666669,0.7333333333333332,1348485357.7333336
False,B,2020-06-06 06:15:00,15,55.44,53.64666666666666,8.8,1348485365.8
False,B,2020-06-06 06:30:00,15,97.75,94.96428571428572,26.57142857142857,1348485383.5714283
False,B,2020-06-06 06:45:00,15,146.30666666666667,142.84,55.73333333333333,1348485412.7333336
False,B,2020-06-06 07:00:00,15,131.20666666666665,127.96000000000002,89.26666666666665,1348485446.266667
False,B,2020-06-06 07:15:00,15,171.72666666666666,168.19333333333333,128.53333333333333,1348485485.5333333
False,B,2020-06-06 07:30:00,15,135.18666666666664,131.7466666666667,168.0,1348485525.0
False,B,2020-06-06 07:45:00,15,145.12142857142857,141.69285714285712,199.28571428571428,1348485556.285714
False,B,2020-06-06 08:00:00,15,381.4,373.6733333333333,251.93333333333328,1348485608.9333334
False,B,2020-06-06 08:15:00,15,597.0066666666667,585.0733333333334,382.7999999999999,1348485739.8
False,B,2020-06-06 08:30:00,15,673.6933333333334,659.6599999999996,535.4000000000001,1348485892.4
False,B,2020-06-06 08:45:00,15,799.6400000000001,782.7199999999998,724.5333333333333,1348486081.5333335
False,B,2020-06-06 09:00:00,15,125.07857142857144,122.37857142857143,858.0,1348486215.0
True,B,2020-06-06 09:15:00,15,0.0,0.0,861.0,1348486218.0
True,B,2020-06-06 09:30:00,15,0.0,0.0,861.0,1348486218.0
True,B,2020-06-06 09:45:00,15,0.0,0.0,861.0,1348486218.0
True,B,2020-06-06 10:00:00,15,0.0,0.0,861.0,1348486218.0
True,B,2020-06-06 10:15:00,15,0.0,0.0,861.0,1348486218.0
True,B,2020-06-06 10:30:00,15,0.0,0.0,861.0,1348486218.0
True,B,2020-06-06 10:45:00,15,0.0,0.0,861.0,1348486218.0
True,B,2020-06-06 11:00:00,15,0.0,0.0,861.0,1348486218.0
True,B,2020-06-06 11:15:00,15,0.0,0.0,861.0,1348486218.0
True,B,2020-06-06 11:30:00,15,0.0,0.0,861.0,1348486218.0
True,B,2020-06-06 11:45:00,15,0.0,0.0,861.0,1348486218.0
True,B,2020-06-06 12:00:00,15,0.0,0.0,861.0,1348486218.0
True,B,2020-06-06 12:15:00,15,0.0,0.0,861.0,1348486218.0
True,B,2020-06-06 12:30:00,15,0.0,0.0,861.0,1348486218.0
True,B,2020-06-06 12:45:00,15,0.0,0.0,861.0,1348486218.0
True,B,2020-06-06 13:00:00,15,0.0,0.0,861.0,1348486218.0
True,B,2020-06-06 13:15:00,15,0.0,0.0,861.0,1348486218.0
True,B,2020-06-06 13:30:00,15,0.0,0.0,861.0,1348486218.0
True,B,2020-06-06 13:45:00,15,0.0,0.0,861.0,1348486218.0
True,B,2020-06-06 14:00:00,15,0.0,0.0,861.0,1348486218.0
True,B,2020-06-06 14:15:00,15,0.0,0.0,803.6,1258587136.8
True,B,2020-06-06 14:30:00,15,0.0,0.0,0.0,0.0
True,B,2020-06-06 14:45:00,15,0.0,0.0,0.0,988889893.2
True,B,2020-06-06 15:00:00,15,0.0,0.0,0.0,866883997.2857143
False,B,2020-06-06 15:15:00,15,530.7666666666667,519.3266666666667,551.9333333333333,1348486253.3333333
False,B,2020-06-06 15:30:00,15,659.8266666666666,645.9266666666667,1055.0,1348486412.0000002
False,B,2020-06-06 15:45:00,15,640.5799999999999,627.0799999999999,1231.6666666666667,1348486588.6666667
False,B,2020-06-06 16:00:00,15,680.2733333333333,666.1066666666667,1400.9999999999998,1348486758.0
False,B,2020-06-06 16:15:00,15,636.7714285714286,623.8214285714287,1557.357142857143,1348486914.3571427
False,B,2020-06-06 16:30:00,15,582.5599999999998,570.8666666666668,1707.0666666666666,1348487064.0666668
False,B,2020-06-06 16:45:00,15,499.32666666666665,489.57333333333327,1839.4666666666667,1348487196.4666665
False,B,2020-06-06 17:00:00,15,399.4066666666666,392.4533333333334,1952.2,1348487309.2
False,B,2020-06-06 17:15:00,15,308.6066666666667,303.12,2040.9333333333327,1348487397.9333336
False,B,2020-06-06 17:30:00,15,206.2571428571429,202.12857142857143,2102.0000000000005,1348487459.0
False,B,2020-06-06 17:45:00,15,164.65333333333334,161.01333333333332,2148.533333333333,1348487505.5333335
False,B,2020-06-06 18:00:00,15,101.23333333333336,98.34666666666664,2180.666666666667,1348487537.6666665
False,B,2020-06-06 18:15:00,15,54.98,53.18666666666667,2199.333333333333,1348487556.3333335
False,B,2020-06-06 18:30:00,15,25.793333333333333,24.91333333333333,2209.333333333333,1348487566.3333335
False,B,2020-06-06 18:45:00,15,1.3200000000000005,1.2733333333333332,2212.0,1348487569.0
False,B,2020-06-06 19:00:00,15,0.0,0.0,2212.0,1348487569.0
False,B,2020-06-06 19:15:00,15,0.0,0.0,2212.0,1348487569.0
False,B,2020-06-06 19:30:00,15,0.0,0.0,2212.0,1348487569.0
False,B,2020-06-06 19:45:00,15,0.0,0.0,2212.0,1348487569.0
False,B,2020-06-06 20:00:00,15,0.0,0.0,2212.0,1348487569.0
False,B,2020-06-06 20:15:00,15,0.0,0.0,2212.0,1348487569.0
False,B,2020-06-06 20:30:00,15,0.0,0.0,2212.0,1348487569.0
False,B,2020-06-06 20:45:00,15,0.0,0.0,2212.0,1348487569.0
False,B,2020-06-06 21:00:00,15,0.0,0.0,2212.0,1348487569.0
False,B,2020-06-06 21:15:00,15,0.0,0.0,2212.0,1348487569.0
False,B,2020-06-06 21:30:00,15,0.0,0.0,2212.0,1348487569.0
False,B,2020-06-06 21:45:00,15,0.0,0.0,2212.0,1348487569.0
False,B,2020-06-06 22:00:00,15,0.0,0.0,2212.0,1348487569.0
False,B,2020-06-06 22:15:00,15,0.0,0.0,2212.0,1348487569.0
False,B,2020-06-06 22:30:00,15,0.0,0.0,2212.0,1348487569.0
False,B,2020-06-06 22:45:00,15,0.0,0.0,2212.0,1348487569.0
False,B,2020-06-06 23:00:00,15,0.0,0.0,2212.0,1348487569.0
False,B,2020-06-06 23:15:00,15,0.0,0.0,2212.0,1348487569.0
False,B,2020-06-06 23:30:00,15,0.0,0.0,2212.0,1348487569.0
False,B,2020-06-06 23:45:00,15,0.0,0.0,2212.0,1348487569.0
False,B,2020-06-07 00:00:00,15,0.0,0.0,2212.0,1348487569.0
False,B,2020-06-07 00:15:00,15,0.0,0.0,2212.0,1348487569.0
False,B,2020-06-07 00:30:00,15,0.0,0.0,2212.0,1348487569.0
False,B,2020-06-07 00:45:00,15,0.0,0.0,2212.0,1348487569.0
False,B,2020-06-07 01:00:00,15,0.0,0.0,2212.0,1348487569.0
False,B,2020-06-07 01:15:00,15,0.0,0.0,2212.0,1348487569.0
False,B,2020-06-07 01:30:00,15,0.0,0.0,2212.0,1348487569.0
False,B,2020-06-07 01:45:00,15,0.0,0.0,2212.0,1348487569.0
False,B,2020-06-07 02:00:00,15,0.0,0.0,2212.0,1348487569.0
False,B,2020-06-07 02:15:00,15,0.0,0.0,2212.0,1348487569.0
False,B,2020-06-07 02:30:00,15,0.0,0.0,2212.0,1348487569.0
False,B,2020-06-07 02:45:00,15,0.0,0.0,2212.0,1348487569.0
False,B,2020-06-07 03:00:00,15,0.0,0.0,2212.0,1348487569.0
False,B,2020-06-07 03:15:00,15,0.0,0.0,2212.0,1348487569.0
False,B,2020-06-07 03:30:00,15,0.0,0.0,2212.0,1348487569.0
False,B,2020-06-07 03:45:00,15,0.0,0.0,2212.0,1348487569.0
False,B,2020-06-07 04:00:00,15,0.0,0.0,2212.0,1348487569.0
False,B,2020-06-07 04:15:00,15,0.0,0.0,2212.0,1348487569.0
False,B,2020-06-07 04:30:00,15,0.0,0.0,2212.0,1348487569.0
False,B,2020-06-07 04:45:00,15,0.0,0.0,2212.0,1348487569.0
False,B,2020-06-07 05:00:00,15,0.0,0.0,2212.0,1348487569.0
False,B,2020-06-07 05:15:00,15,0.0,0.0,2212.0,1348487569.0
False,B,2020-06-07 05:30:00,15,0.0,0.0,2212.0,1348487569.0
False,B,2020-06-07 05:45:00,15,0.0,0.0,2212.0,1348487569.0
False,B,2020-06-07 06:00:00,15,14.36,13.853333333333335,1.2,1348487570.2
False,B,2020-06-07 06:15:00,15,42.09333333333333,40.7,8.4,1348487577.3999996
False,B,2020-06-07 06:30:00,15,66.92666666666668,64.80000000000001,21.933333333333337,1348487590.9333334
False,B,2020-06-07 06:45:00,15,74.72857142857143,72.45000000000002,38.5,1348487607.5000002
False,B,2020-06-07 07:00:00,15,98.81333333333336,95.99333333333333,58.866666666666674,1348487627.866667
False,B,2020-06-07 07:15:00,15,128.17333333333335,124.79333333333332,86.26666666666665,1348487655.266667
False,B,2020-06-07 07:30:00,15,209.81333333333333,205.7,126.73333333333332,1348487695.733333
False,B,2020-06-07 07:45:00,15,319.48,313.8666666666667,191.93333333333337,1348487760.9333332
False,B,2020-06-07 08:00:00,15,300.41428571428565,295.00714285714287,269.57142857142856,1348487838.5714283
False,B,2020-06-07 08:15:00,15,477.1,467.91333333333336,353.4,1348487922.4
False,B,2020-06-07 08:30:00,15,463.5533333333334,454.7266666666666,482.8,1348488051.8000002
False,B,2020-06-07 08:45:00,15,732.2333333333335,716.8,627.0000000000001,1348488196.0
False,B,2020-06-07 09:00:00,15,767.2333333333332,750.9533333333335,807.3333333333331,1348488376.3333335
False,B,2020-06-07 09:15:00,15,629.6857142857143,615.9714285714284,851.5,1155847339.214286
False,B,2020-06-07 09:30:00,15,216.70666666666665,211.78666666666663,215.53333333333336,269697729.3333334
False,B,2020-06-07 09:45:00,15,1099.9333333333334,1074.0466666666666,1246.0666666666668,1348488815.0666664
False,B,2020-06-07 10:00:00,15,1098.2733333333335,1071.6466666666663,1517.666666666667,1348489086.6666667
False,B,2020-06-07 10:15:00,15,1210.8000000000002,1180.8733333333334,1812.0666666666668,1348489381.0666664
False,B,2020-06-07 10:30:00,15,1165.6999999999998,1137.5285714285712,2088.2857142857147,1348489657.2857144
False,B,2020-06-07 10:45:00,15,709.8266666666666,694.5266666666668,2307.0000000000005,1348489876.0
False,B,2020-06-07 11:00:00,15,803.7600000000001,785.6666666666669,2504.0666666666666,1348490073.0666666
False,B,2020-06-07 11:15:00,15,941.96,920.3466666666664,2729.5333333333338,1348490298.5333333
False,B,2020-06-07 11:30:00,15,1290.892857142857,1259.2142857142858,2988.8571428571427,1348490557.8571427
False,B,2020-06-07 11:45:00,15,939.5333333333334,917.8266666666666,3237.7333333333327,1348490806.733333
False,B,2020-06-07 12:00:00,15,1199.7733333333333,1170.5266666666669,3513.466666666667,1348491082.4666667
False,B,2020-06-07 12:15:00,15,1382.0866666666668,1347.5266666666669,3821.5333333333338,1348491390.5333333
False,B,2020-06-07 12:30:00,15,1287.3,1255.7133333333334,4149.133333333333,1348491718.1333334
False,B,2020-06-07 12:45:00,15,1070.435714285714,1045.1357142857144,4451.428571428572,1348492020.4285717
False,B,2020-06-07 13:00:00,15,865.1733333333334,845.9133333333333,4673.400000000001,1348492242.4
False,B,2020-06-07 13:15:00,15,1059.486666666667,1034.0866666666666,4886.200000000001,1348492455.2000003
False,B,2020-06-07 13:30:00,15,931.0533333333334,909.4733333333332,5162.866666666667,1348492731.866667
False,B,2020-06-07 13:45:00,15,1133.6,1106.1466666666668,5421.9333333333325,1348492990.9333332
False,B,2020-06-07 14:00:00,15,1102.7571428571428,1076.0500000000002,5704.428571428572,1348493273.4285717
False,B,2020-06-07 14:15:00,15,1051.2133333333331,1026.52,5928.199999999999,1348493497.2
False,B,2020-06-07 14:30:00,15,1048.6933333333332,1023.9066666666666,6190.999999999999,1348493760.0
False,B,2020-06-07 14:45:00,15,967.1266666666664,945.1,6441.9333333333325,1348494010.9333334
False,B,2020-06-07 15:00:00,15,788.4928571428571,771.05,6644.642857142856,1348494213.6428573
False,B,2020-06-07 15:15:00,15,34.36,33.68,1349.7333333333336,269698863.53333336
False,B,2020-06-07 15:30:00,15,182.6,178.62666666666664,1353.9999999999998,449498110.33333325
False,B,2020-06-07 15:45:00,15,636.6733333333334,623.5866666666667,6878.266666666667,1348494447.2666664
False,B,2020-06-07 16:00:00,15,223.3333333333333,219.02666666666667,6976.9333333333325,1348494545.9333334
False,B,2020-06-07 16:15:00,15,524.14,513.3733333333333,7047.866666666668,1348494616.8666666
False,B,2020-06-07 16:30:00,15,336.62142857142845,330.29999999999995,7172.642857142857,1348494741.6428573
False,B,2020-06-07 16:45:00,15,183.1133333333333,179.48666666666668,7231.533333333335,1348494800.5333333
False,B,2020-06-07 17:00:00,15,319.1333333333333,313.2333333333333,7286.733333333333,1348494855.733333
False,B,2020-06-07 17:15:00,15,294.9866666666667,289.6066666666666,7369.0,1348494938.0000002
False,B,2020-06-07 17:30:00,15,235.1142857142857,230.55,7434.357142857142,1348495003.3571427
False,B,2020-06-07 17:45:00,15,161.01333333333332,157.39333333333337,7481.333333333333,1348495050.3333333
False,B,2020-06-07 18:00:00,15,90.24,87.62,7512.533333333335,1348495081.5333333
False,B,2020-06-07 18:15:00,15,56.3,54.48,7530.4,1348495099.4
False,B,2020-06-07 18:30:00,15,26.34,25.453333333333337,7540.533333333333,1348495109.5333333
False,B,2020-06-07 18:45:00,15,2.142857142857143,2.071428571428571,7544.0,1348495113.0
False,B,2020-06-07 19:00:00,15,0.0,0.0,7544.0,1348495113.0
False,B,2020-06-07 19:15:00,15,0.0,0.0,7544.0,1348495113.0
False,B,2020-06-07 19:30:00,15,0.0,0.0,7544.0,1348495113.0
False,B,2020-06-07 19:45:00,15,0.0,0.0,7544.0,1348495113.0
False,B,2020-06-07 20:00:00,15,0.0,0.0,7544.0,1348495113.0
False,B,2020-06-07 20:15:00,15,0.0,0.0,7544.0,1348495113.0
False,B,2020-06-07 20:30:00,15,0.0,0.0,7544.0,1348495113.0
False,B,2020-06-07 20:45:00,15,0.0,0.0,7544.0,1348495113.0
False,B,2020-06-07 21:00:00,15,0.0,0.0,7544.0,1348495113.0
False,B,2020-06-07 21:15:00,15,0.0,0.0,7544.0,1348495113.0
False,B,2020-06-07 21:30:00,15,0.0,0.0,7544.0,1348495113.0
False,B,2020-06-07 21:45:00,15,0.0,0.0,7544.0,1348495113.0
False,B,2020-06-07 22:00:00,15,0.0,0.0,7544.0,1348495113.0
False,B,2020-06-07 22:15:00,15,0.0,0.0,7544.0,1348495113.0
False,B,2020-06-07 22:30:00,15,0.0,0.0,7544.0,1348495113.0
False,B,2020-06-07 22:45:00,15,0.0,0.0,7544.0,1348495113.0
False,B,2020-06-07 23:00:00,15,0.0,0.0,7544.0,1348495113.0
False,B,2020-06-07 23:15:00,15,0.0,0.0,7544.0,1348495113.0
False,B,2020-06-07 23:30:00,15,0.0,0.0,7544.0,1348495113.0
False,B,2020-06-07 23:45:00,15,0.0,0.0,7544.0,1348495113.0
False,B,2020-06-08 00:00:00,15,0.0,0.0,7544.0,1348495113.0
False,B,2020-06-08 00:15:00,15,0.0,0.0,7544.0,1348495113.0
False,B,2020-06-08 00:30:00,15,0.0,0.0,7544.0,1348495113.0
False,B,2020-06-08 00:45:00,15,0.0,0.0,7544.0,1348495113.0
False,B,2020-06-08 01:00:00,15,0.0,0.0,7544.0,1348495113.0
False,B,2020-06-08 01:15:00,15,0.0,0.0,7544.0,1348495113.0
False,B,2020-06-08 01:30:00,15,0.0,0.0,7544.0,1348495113.0
False,B,2020-06-08 01:45:00,15,0.0,0.0,7544.0,1348495113.0
False,B,2020-06-08 02:00:00,15,0.0,0.0,7544.0,1348495113.0
False,B,2020-06-08 02:15:00,15,0.0,0.0,7544.0,1348495113.0
False,B,2020-06-08 02:30:00,15,0.0,0.0,7544.0,1348495113.0
False,B,2020-06-08 02:45:00,15,0.0,0.0,7544.0,1348495113.0
False,B,2020-06-08 03:00:00,15,0.0,0.0,7544.0,1348495113.0
False,B,2020-06-08 03:15:00,15,0.0,0.0,7544.0,1348495113.0
False,B,2020-06-08 03:30:00,15,0.0,0.0,7544.0,1348495113.0
False,B,2020-06-08 03:45:00,15,0.0,0.0,7544.0,1348495113.0
False,B,2020-06-08 04:00:00,15,0.0,0.0,7544.0,1348495113.0
False,B,2020-06-08 04:15:00,15,0.0,0.0,7544.0,1348495113.0
False,B,2020-06-08 04:30:00,15,0.0,0.0,7544.0,1348495113.0
False,B,2020-06-08 04:45:00,15,0.0,0.0,7544.0,1348495113.0
False,B,2020-06-08 05:00:00,15,0.0,0.0,7544.0,1348495113.0
False,B,2020-06-08 05:15:00,15,0.0,0.0,7544.0,1348495113.0
False,B,2020-06-08 05:30:00,15,0.0,0.0,7544.0,1348495113.0
False,B,2020-06-08 05:45:00,15,0.0,0.0,7544.0,1348495113.0
False,B,2020-06-08 06:00:00,15,17.84285714285714,17.22142857142857,5389.071428571428,1348495114.0714288
False,B,2020-06-08 06:15:00,15,52.61333333333334,50.89333333333333,7.199999999999999,1348495122.1999998
False,B,2020-06-08 06:30:00,15,90.5,87.86666666666666,25.066666666666663,1348495140.0666668
False,B,2020-06-08 06:45:00,15,134.82,131.46666666666664,53.46666666666666,1348495168.4666667
False,B,2020-06-08 07:00:00,15,230.04,225.48666666666665,94.4,1348495209.4
False,B,2020-06-08 07:15:00,15,277.17857142857144,272.1500000000001,160.35714285714283,1348495275.3571427
False,B,2020-06-08 07:30:00,15,385.8466666666666,378.7666666666667,233.26666666666668,1348495348.266667
False,B,2020-06-08 07:45:00,15,463.7866666666666,454.9333333333333,339.1333333333333,1348495454.1333334
False,B,2020-06-08 08:00:00,15,554.7333333333333,543.7733333333334,468.9333333333333,1348495583.9333332
False,B,2020-06-08 08:15:00,15,482.1600000000001,472.58,601.0,1348495716.0
False,B,2020-06-08 08:30:00,15,640.5857142857143,627.3928571428571,732.3571428571429,1348495847.3571427
False,B,2020-06-08 08:45:00,15,472.2466666666666,463.36,868.8,1348495983.8
False,B,2020-06-08 09:00:00,15,750.24,734.2199999999998,1019.4,1348496134.4
False,B,2020-06-08 09:15:00,15,624.9461538461537,611.9384615384615,1193.7692307692307,1348496308.7692308
False,B,2020-06-08 09:30:00,15,809.1916666666666,791.4166666666667,1366.8333333333333,1348496481.8333333
False,B,2020-06-08 09:45:00,15,1042.55,1017.2571428571426,1616.4285714285716,1348496731.4285712
False,B,2020-06-08 10:00:00,15,780.8199999999998,763.2933333333333,1837.0,1348496951.9999998
False,B,2020-06-08 10:15:00,15,1154.3,1126.6866666666667,2062.9333333333334,1348497177.9333332
False,B,2020-06-08 10:30:00,15,1185.98,1157.32,2351.6666666666665,1348497466.6666667
False,B,2020-06-08 10:45:00,15,917.45,896.35,2590.5,1348497705.5
False,B,2020-06-08 11:00:00,15,1184.6733333333334,1155.6133333333337,2868.7333333333336,1348497983.733333
False,B,2020-06-08 11:15:00,15,1152.1533333333334,1124.366666666667,3144.333333333333,1348498259.3333333
False,B,2020-06-08 11:30:00,15,1252.0933333333332,1221.3666666666668,3439.0666666666666,1348498554.0666668
False,B,2020-06-08 11:45:00,15,1081.7642857142855,1055.564285714286,3730.571428571429,1348498845.5714283
False,B,2020-06-08 12:00:00,15,867.5333333333333,847.16,3982.2666666666655,1348499097.266667
False,B,2020-06-08 12:15:00,15,1175.853333333333,1147.16,4200.6,1348499315.6
False,B,2020-06-08 12:30:00,15,1201.14,1171.6933333333334,4499.400000000001,1348499614.4
False,B,2020-06-08 12:45:00,15,1125.32,1097.5666666666668,4795.466666666665,1348499910.4666667
False,B,2020-06-08 13:00:00,15,1074.507142857143,1048.85,5032.0,1348500147.0000002
False,B,2020-06-08 13:15:00,15,805.1933333333332,786.68,5267.9333333333325,1348500382.9333332
False,B,2020-06-08 13:30:00,15,1285.7133333333331,1253.746666666667,5535.466666666665,1348500650.4666667
False,B,2020-06-08 13:45:00,15,997.34,974.12,5822.999999999999,1348500938.0
False,B,2020-06-08 14:00:00,15,1158.3333333333333,1130.12,6064.6,1348501179.6
False,B,2020-06-08 14:15:00,15,1178.75,1149.778571428571,6359.5,1348501474.5000002
False,B,2020-06-08 14:30:00,15,1173.8733333333332,1144.68,6636.4,1348501751.4
False,B,2020-06-08 14:45:00,15,1106.7600000000002,1080.753333333333,6917.333333333334,1348502032.3333333
False,B,2020-06-08 15:00:00,15,848.04,829.34,7173.6,1348502288.6
False,B,2020-06-08 15:15:00,15,1021.3928571428572,998.5285714285714,7380.928571428572,1348502495.9285717
False,B,2020-06-08 15:30:00,15,973.5599999999998,952.0733333333332,7624.466666666665,1348502739.4666667
False,B,2020-06-08 15:45:00,15,807.42,790.1333333333333,7852.666666666665,1348502967.6666667
False,B,2020-06-08 16:00:00,15,732.16,716.8733333333332,8041.466666666665,1348503156.4666667
False,B,2020-06-08 16:15:00,15,605.6533333333333,593.4200000000001,8199.333333333334,1348503314.3333333
False,B,2020-06-08 16:30:00,15,498.56428571428575,488.66428571428565,8328.071428571428,1348503443.0714283
False,B,2020-06-08 16:45:00,15,419.96,412.2266666666666,8445.866666666669,1348503560.8666668
False,B,2020-06-08 17:00:00,15,359.0333333333333,352.8933333333334,8544.400000000001,1348503659.4
False,B,2020-06-08 17:15:00,15,276.96666666666664,271.65333333333336,8623.2,1348503738.2
False,B,2020-06-08 17:30:00,15,252.92857142857144,248.02857142857144,8686.214285714286,1348503801.214286
False,B,2020-06-08 17:45:00,15,212.6733333333333,208.52,8743.733333333334,1348503858.733333
False,B,2020-06-08 18:00:00,15,151.29333333333332,147.79333333333332,8789.066666666668,1348503904.0666666
False,B,2020-06-08 18:15:00,15,81.32666666666665,78.88666666666666,8818.2,1348503933.2
False,B,2020-06-08 18:30:00,15,34.74666666666667,33.56,8832.0,1348503947.0000002
False,B,2020-06-08 18:45:00,15,4.7285714285714295,4.564285714285713,8836.642857142857,1348503951.6428573
False,B,2020-06-08 19:00:00,15,0.0,0.0,8837.0,1348503952.0
False,B,2020-06-08 19:15:00,15,0.0,0.0,8837.0,1348503952.0
False,B,2020-06-08 19:30:00,15,0.0,0.0,8837.0,1348503952.0
False,B,2020-06-08 19:45:00,15,0.0,0.0,8837.0,1348503952.0
False,B,2020-06-08 20:00:00,15,0.0,0.0,8837.0,1348503952.0
False,B,2020-06-08 20:15:00,15,0.0,0.0,8837.0,1348503952.0
False,B,2020-06-08 20:30:00,15,0.0,0.0,8837.0,1348503952.0
False,B,2020-06-08 20:45:00,15,0.0,0.0,8837.0,1348503952.0
False,B,2020-06-08 21:00:00,15,0.0,0.0,8837.0,1348503952.0
False,B,2020-06-08 21:15:00,15,0.0,0.0,8837.0,1348503952.0
False,B,2020-06-08 21:30:00,15,0.0,0.0,8837.0,1348503952.0
False,B,2020-06-08 21:45:00,15,0.0,0.0,8837.0,1348503952.0
False,B,2020-06-08 22:00:00,15,0.0,0.0,8837.0,1348503952.0
False,B,2020-06-08 22:15:00,15,0.0,0.0,8837.0,1348503952.0
False,B,2020-06-08 22:30:00,15,0.0,0.0,8837.0,1348503952.0
False,B,2020-06-08 22:45:00,15,0.0,0.0,8837.0,1348503952.0
False,B,2020-06-08 23:00:00,15,0.0,0.0,8837.0,1348503952.0
False,B,2020-06-08 23:15:00,15,0.0,0.0,8837.0,1348503952.0
False,B,2020-06-08 23:30:00,15,0.0,0.0,8837.0,1348503952.0
False,B,2020-06-08 23:45:00,15,0.0,0.0,8837.0,1348503952.0
False,B,2020-06-09 00:00:00,15,0.0,0.0,8837.0,1348503952.0
False,B,2020-06-09 00:15:00,15,0.0,0.0,8837.0,1348503952.0
False,B,2020-06-09 00:30:00,15,0.0,0.0,8837.0,1348503952.0
False,B,2020-06-09 00:45:00,15,0.0,0.0,8837.0,1348503952.0
False,B,2020-06-09 01:00:00,15,0.0,0.0,8837.0,1348503952.0
False,B,2020-06-09 01:15:00,15,0.0,0.0,8837.0,1348503952.0
False,B,2020-06-09 01:30:00,15,0.0,0.0,8837.0,1348503952.0
False,B,2020-06-09 01:45:00,15,0.0,0.0,8837.0,1348503952.0
False,B,2020-06-09 02:00:00,15,0.0,0.0,8837.0,1348503952.0
False,B,2020-06-09 02:15:00,15,0.0,0.0,8837.0,1348503952.0
False,B,2020-06-09 02:30:00,15,0.0,0.0,8837.0,1348503952.0
False,B,2020-06-09 02:45:00,15,0.0,0.0,8837.0,1348503952.0
False,B,2020-06-09 03:00:00,15,0.0,0.0,8837.0,1348503952.0
False,B,2020-06-09 03:15:00,15,0.0,0.0,8837.0,1348503952.0
False,B,2020-06-09 03:30:00,15,0.0,0.0,8837.0,1348503952.0
False,B,2020-06-09 03:45:00,15,0.0,0.0,8837.0,1348503952.0
False,B,2020-06-09 04:00:00,15,0.0,0.0,8837.0,1348503952.0
False,B,2020-06-09 04:15:00,15,0.0,0.0,8837.0,1348503952.0
False,B,2020-06-09 04:30:00,15,0.0,0.0,8837.0,1348503952.0
False,B,2020-06-09 04:45:00,15,0.0,0.0,8837.0,1348503952.0
False,B,2020-06-09 05:00:00,15,0.0,0.0,8837.0,1348503952.0
False,B,2020-06-09 05:15:00,15,0.0,0.0,8837.0,1348503952.0
False,B,2020-06-09 05:30:00,15,0.0,0.0,8837.0,1348503952.0
False,B,2020-06-09 05:45:00,15,0.0,0.0,8837.0,1348503952.0
False,B,2020-06-09 06:00:00,15,12.864285714285714,12.421428571428573,1894.5,1348503952.8571427
False,B,2020-06-09 06:15:00,15,42.43333333333334,41.03999999999999,7.133333333333333,1348503959.1333334
False,B,2020-06-09 06:30:00,15,79.69333333333331,77.31333333333333,21.6,1348503973.6
False,B,2020-06-09 06:45:00,15,133.20666666666665,129.83999999999995,47.53333333333333,1348503999.5333333
False,B,2020-06-09 07:00:00,15,245.54,240.90666666666667,91.8,1348504043.8000002
False,B,2020-06-09 07:15:00,15,383.57142857142856,376.9357142857143,167.35714285714286,1348504119.3571427
False,B,2020-06-09 07:30:00,15,488.20666666666654,478.74,273.46666666666664,1348504225.4666667
False,B,2020-06-09 07:45:00,15,570.24,558.84,404.8,1348504356.8000002
False,B,2020-06-09 08:00:00,15,485.9933333333333,476.54666666666674,547.5999999999999,1348504499.6
False,B,2020-06-09 08:15:00,15,552.0,541.0666666666668,656.6666666666665,1348504608.6666665
False,B,2020-06-09 08:30:00,15,706.5857142857143,691.9357142857142,813.8571428571429,1348504765.8571427
False,B,2020-06-09 08:45:00,15,744.6933333333334,729.1333333333331,989.5333333333332,1348504941.5333335
False,B,2020-06-09 09:00:00,15,881.96,862.88,1184.5333333333335,1348505136.5333333
False,B,2020-06-09 09:15:00,15,895.7866666666665,876.32,1417.4,1348505369.4
False,B,2020-06-09 09:30:00,15,810.3533333333331,792.32,1630.2666666666669,1348505582.266667
False,B,2020-06-09 09:45:00,15,355.5571428571429,347.0857142857143,505.71428571428567,770574687.1428573
False,B,2020-06-09 10:00:00,15,928.2066666666668,906.66,1910.0,1348505862.0
False,B,2020-06-09 10:15:00,15,1018.0333333333332,993.66,2155.866666666667,1348506107.8666668
False,B,2020-06-09 10:30:00,15,1153.7266666666667,1125.4200000000003,2437.0666666666666,1348506389.0666668
False,B,2020-06-09 10:45:00,15,1047.957142857143,1022.8142857142856,2670.428571428572,1348506622.4285717
False,B,2020-06-09 11:00:00,15,594.3399999999999,580.46,2917.333333333333,1348506869.3333333
True,B,2020-06-09 11:15:00,15,0.0,0.0,2965.0,1348506917.0
True,B,2020-06-09 11:30:00,15,0.0,0.0,2965.0,1348506917.0
True,B,2020-06-09 11:45:00,15,0.0,0.0,2965.0,1348506917.0
True,B,2020-06-09 12:00:00,15,0.0,0.0,2965.0,1348506917.0
True,B,2020-06-09 12:15:00,15,0.0,0.0,2965.0,1348506917.0
False,B,2020-06-09 12:30:00,15,620.8866666666665,607.3133333333333,3015.4,1348506967.4
False,B,2020-06-09 12:45:00,15,1100.3733333333332,1074.0666666666666,3256.333333333333,1348507208.3333335
False,B,2020-06-09 13:00:00,15,946.12,924.16,3517.866666666667,1348507469.8666666
False,B,2020-06-09 13:15:00,15,861.3357142857143,841.6642857142856,3701.571428571429,1348507653.5714283
False,B,2020-06-09 13:30:00,15,973.8133333333332,951.24,3945.0666666666666,1348507897.0666666
False,B,2020-06-09 13:45:00,15,784.2266666666666,767.6133333333335,4160.6,1348508112.6
False,B,2020-06-09 14:00:00,15,792.4399999999998,775.6599999999999,4354.133333333333,1348508306.1333334
False,B,2020-06-09 14:15:00,15,864.92,846.3,4557.0,1348508509.0
False,B,2020-06-09 14:30:00,15,679.4785714285714,665.45,4752.428571428571,1348508704.4285717
False,B,2020-06-09 14:45:00,15,681.1266666666667,667.0666666666666,4904.666666666667,1348508856.6666665
False,B,2020-06-09 15:00:00,15,696.8933333333333,682.4066666666665,5073.400000000001,1348509025.4
False,B,2020-06-09 15:15:00,15,593.7533333333332,581.8866666666668,5254.866666666666,1348509206.866667
False,B,2020-06-09 15:30:00,15,615.42,602.8866666666665,5389.9333333333325,1348509341.9333334
False,B,2020-06-09 15:45:00,15,789.1214285714286,772.3071428571427,5556.428571428572,1348509508.4285717
False,B,2020-06-09 16:00:00,15,652.1066666666666,638.7733333333334,5725.666666666665,1348509677.6666667
False,B,2020-06-09 16:15:00,15,723.0133333333333,707.9799999999999,5899.8,1348509851.8
False,B,2020-06-09 16:30:00,15,606.6666666666665,594.4133333333333,6067.799999999999,1348510019.8
False,B,2020-06-09 16:45:00,15,325.3933333333334,319.56,6184.0,1348510135.9999998
False,B,2020-06-09 17:00:00,15,277.3785714285715,272.05000000000007,6255.5,1348510207.5
False,B,2020-06-09 17:15:00,15,238.8933333333333,234.24666666666667,6317.666666666667,1348510269.6666665
False,B,2020-06-09 17:30:00,15,171.34,167.8133333333333,6369.4,1348510321.4
False,B,2020-06-09 17:45:00,15,121.16666666666666,117.83333333333331,6405.466666666667,1348510357.4666667
False,B,2020-06-09 18:00:00,15,80.27857142857144,77.89285714285715,6429.357142857143,1348510381.3571432
False,B,2020-06-09 18:15:00,15,48.773333333333326,47.15333333333333,6444.666666666665,1348510396.6666667
False,B,2020-06-09 18:30:00,15,23.593333333333337,22.78,6453.466666666665,1348510405.4666667
False,B,2020-06-09 18:45:00,15,1.2266666666666666,1.1799999999999995,6456.0,1348510408.0
False,B,2020-06-09 19:00:00,15,0.0,0.0,6456.0,1348510408.0
False,B,2020-06-09 19:15:00,15,0.0,0.0,6456.0,1348510408.0
False,B,2020-06-09 19:30:00,15,0.0,0.0,6456.0,1348510408.0
False,B,2020-06-09 19:45:00,15,0.0,0.0,6456.0,1348510408.0
False,B,2020-06-09 20:00:00,15,0.0,0.0,6456.0,1348510408.0
False,B,2020-06-09 20:15:00,15,0.0,0.0,6456.0,1348510408.0
False,B,2020-06-09 20:30:00,15,0.0,0.0,6456.0,1348510408.0
False,B,2020-06-09 20:45:00,15,0.0,0.0,6456.0,1348510408.0
False,B,2020-06-09 21:00:00,15,0.0,0.0,6456.0,1348510408.0
False,B,2020-06-09 21:15:00,15,0.0,0.0,6456.0,1348510408.0
False,B,2020-06-09 21:30:00,15,0.0,0.0,6456.0,1348510408.0
False,B,2020-06-09 21:45:00,15,0.0,0.0,6456.0,1348510408.0
False,B,2020-06-09 22:00:00,15,0.0,0.0,6456.0,1348510408.0
False,B,2020-06-09 22:15:00,15,0.0,0.0,6456.0,1348510408.0
False,B,2020-06-09 22:30:00,15,0.0,0.0,6456.0,1348510408.0
False,B,2020-06-09 22:45:00,15,0.0,0.0,6456.0,1348510408.0
False,B,2020-06-09 23:00:00,15,0.0,0.0,6456.0,1348510408.0
False,B,2020-06-09 23:15:00,15,0.0,0.0,6456.0,1348510408.0
False,B,2020-06-09 23:30:00,15,0.0,0.0,6456.0,1348510408.0
False,B,2020-06-09 23:45:00,15,0.0,0.0,6456.0,1348510408.0
False,B,2020-06-10 00:00:00,15,0.0,0.0,6456.0,1348510408.0
False,B,2020-06-10 00:15:00,15,0.0,0.0,6456.0,1348510408.0
False,B,2020-06-10 00:30:00,15,0.0,0.0,6456.0,1348510408.0
False,B,2020-06-10 00:45:00,15,0.0,0.0,6456.0,1348510408.0
False,B,2020-06-10 01:00:00,15,0.0,0.0,6456.0,1348510408.0
False,B,2020-06-10 01:15:00,15,0.0,0.0,6456.0,1348510408.0
False,B,2020-06-10 01:30:00,15,0.0,0.0,6456.0,1348510408.0
False,B,2020-06-10 01:45:00,15,0.0,0.0,6456.0,1348510408.0
False,B,2020-06-10 02:00:00,15,0.0,0.0,6456.0,1348510408.0
False,B,2020-06-10 02:15:00,15,0.0,0.0,6456.0,1348510408.0
False,B,2020-06-10 02:30:00,15,0.0,0.0,6456.0,1348510408.0
False,B,2020-06-10 02:45:00,15,0.0,0.0,6456.0,1348510408.0
False,B,2020-06-10 03:00:00,15,0.0,0.0,6456.0,1348510408.0
False,B,2020-06-10 03:15:00,15,0.0,0.0,6456.0,1348510408.0
False,B,2020-06-10 03:30:00,15,0.0,0.0,6456.0,1348510408.0
False,B,2020-06-10 03:45:00,15,0.0,0.0,6456.0,1348510408.0
False,B,2020-06-10 04:00:00,15,0.0,0.0,6456.0,1348510408.0
False,B,2020-06-10 04:15:00,15,0.0,0.0,6456.0,1348510408.0
False,B,2020-06-10 04:30:00,15,0.0,0.0,6456.0,1348510408.0
False,B,2020-06-10 04:45:00,15,0.0,0.0,6456.0,1348510408.0
False,B,2020-06-10 05:00:00,15,0.0,0.0,6456.0,1348510408.0
False,B,2020-06-10 05:15:00,15,0.0,0.0,6456.0,1348510408.0
False,B,2020-06-10 05:30:00,15,0.0,0.0,6456.0,1348510408.0
False,B,2020-06-10 05:45:00,15,0.0,0.0,0.0,1348510408.0
False,B,2020-06-10 06:00:00,15,12.18,11.746666666666666,1.1333333333333333,1348510409.1333334
False,B,2020-06-10 06:15:00,15,27.44,26.49333333333333,6.4,1348510414.4
False,B,2020-06-10 06:30:00,15,40.73571428571428,39.371428571428574,14.0,1348510422.0
False,B,2020-06-10 06:45:00,15,71.01333333333334,68.80000000000001,27.066666666666663,1348510435.0666664
False,B,2020-06-10 07:00:00,15,100.22,97.35333333333332,48.66666666666666,1348510456.6666667
False,B,2020-06-10 07:15:00,15,106.01333333333334,103.03333333333332,73.13333333333334,1348510481.1333334
False,B,2020-06-10 07:30:00,15,172.61333333333332,168.9933333333333,107.26666666666668,1348510515.266667
False,B,2020-06-10 07:45:00,15,242.01428571428573,237.3142857142857,155.1428571428571,1348510563.1428573
False,B,2020-06-10 08:00:00,15,350.8666666666668,344.61333333333334,225.6,1348510633.5999997
False,B,2020-06-10 08:15:00,15,480.92666666666656,471.7600000000001,326.9333333333333,1348510734.9333334
False,B,2020-06-10 08:30:00,15,741.66,726.1466666666668,480.73333333333335,1348510888.733333
False,B,2020-06-10 08:45:00,15,571.0866666666666,559.7599999999999,644.2666666666667,1348511052.266667
False,B,2020-06-10 09:00:00,15,500.6428571428572,491.0214285714286,774.3571428571428,1348511182.3571427
False,B,2020-06-10 09:15:00,15,523.4533333333334,513.1400000000001,891.2,1348511299.2
False,B,2020-06-10 09:30:00,15,1039.493333333333,1015.1866666666668,1080.5333333333333,1348511488.5333333
False,B,2020-06-10 09:45:00,15,896.4266666666665,876.0666666666666,1324.4666666666667,1348511732.4666667
False,B,2020-06-10 10:00:00,15,829.9499999999998,812.05,1536.7142857142858,1348511944.7142856
False,B,2020-06-10 10:15:00,15,871.5466666666667,852.66,1741.6,1348512149.6
False,B,2020-06-10 10:30:00,15,1016.3399999999998,993.0133333333332,1970.8,1348512378.8000002
False,B,2020-06-10 10:45:00,15,1078.3733333333334,1052.3533333333332,2226.1333333333328,1348512634.1333332
False,B,2020-06-10 11:00:00,15,838.24,818.06,2164.2,1168711184.4666667
True,B,2020-06-10 11:15:00,15,0.0,0.0,0.0,0.0
True,B,2020-06-10 11:30:00,15,0.0,0.0,0.0,0.0
False,B,2020-06-10 11:45:00,15,577.76,564.1266666666668,1581.3999999999996,988909557.2666664
False,B,2020-06-10 12:00:00,15,1086.5199999999998,1060.346666666667,2843.2,1348513251.2
False,B,2020-06-10 12:15:00,15,254.8533333333334,248.64,3035.0,1348513442.9999998
True,B,2020-06-10 12:30:00,15,0.0,0.0,3042.0,1348513450.0
True,B,2020-06-10 12:45:00,15,0.0,0.0,3042.0,1348513450.0
True,B,2020-06-10 13:00:00,15,0.0,0.0,3042.0,1348513450.0
True,B,2020-06-10 13:15:00,15,0.0,0.0,3042.0,1348513450.0
True,B,2020-06-10 13:30:00,15,0.0,0.0,3042.0,1348513450.0
True,B,2020-06-10 13:45:00,15,0.0,0.0,3042.0,1348513450.0
False,B,2020-06-10 14:00:00,15,80.23333333333333,78.83333333333331,1626.4666666666667,719207177.4
False,B,2020-06-10 14:15:00,15,353.75333333333333,346.57333333333327,1655.1999999999998,988909900.1333332
False,B,2020-06-10 14:30:00,15,499.3533333333333,489.58,3220.6,1348513628.6
False,B,2020-06-10 14:45:00,15,260.7333333333333,255.74666666666664,3304.8,1348513712.8
False,B,2020-06-10 15:00:00,15,304.08,298.68,3373.0666666666666,1348513781.0666664
False,B,2020-06-10 15:15:00,15,298.0857142857143,292.63571428571424,3446.785714285714,1348513854.7857144
False,B,2020-06-10 15:30:00,15,234.53333333333333,229.90666666666667,3512.333333333333,1348513920.3333335
False,B,2020-06-10 15:45:00,15,288.01333333333326,282.3466666666667,3565.7333333333336,1348513973.733333
False,B,2020-06-10 16:00:00,15,413.78571428571433,406.5,3658.7142857142862,1348514066.714286
False,B,2020-06-10 16:15:00,15,426.0400000000001,418.2533333333333,3761.933333333333,1348514169.9333332
False,B,2020-06-10 16:30:00,15,410.56,403.07333333333327,3865.8666666666654,1348514273.8666668
False,B,2020-06-10 16:45:00,15,212.7733333333333,208.7066666666667,3944.333333333333,1348514352.3333333
False,B,2020-06-10 17:00:00,15,92.02857142857144,89.37142857142858,3980.142857142857,1348514388.1428573
False,B,2020-06-10 17:15:00,15,20.473333333333333,19.74000000000001,3991.7333333333327,1348514399.733333
False,B,2020-06-10 17:30:00,15,18.16363636363636,17.509090909090908,3995.545454545456,1348514403.5454547
False,B,2020-06-10 17:45:00,15,14.042857142857144,13.557142857142855,3999.928571428572,1348514407.9285712
False,B,2020-06-10 18:00:00,15,8.093333333333332,7.8,4002.666666666667,1348514410.6666665
False,B,2020-06-10 18:15:00,15,0.0,0.0,4003.0,1348514411.0
False,B,2020-06-10 18:30:00,15,0.0,0.0,4003.0,1348514411.0
False,B,2020-06-10 18:45:00,15,0.0,0.0,4003.0,1348514411.0
False,B,2020-06-10 19:00:00,15,0.0,0.0,4003.0,1348514411.0
False,B,2020-06-10 19:15:00,15,0.0,0.0,4003.0,1348514411.0
False,B,2020-06-10 19:30:00,15,0.0,0.0,4003.0,1348514411.0
False,B,2020-06-10 19:45:00,15,0.0,0.0,4003.0,1348514411.0
False,B,2020-06-10 20:00:00,15,0.0,0.0,4003.0,1348514411.0
False,B,2020-06-10 20:15:00,15,0.0,0.0,4003.0,1348514411.0
False,B,2020-06-10 20:30:00,15,0.0,0.0,4003.0,1348514411.0
False,B,2020-06-10 20:45:00,15,0.0,0.0,4003.0,1348514411.0
False,B,2020-06-10 21:00:00,15,0.0,0.0,4003.0,1348514411.0
False,B,2020-06-10 21:15:00,15,0.0,0.0,4003.0,1348514411.0
False,B,2020-06-10 21:30:00,15,0.0,0.0,4003.0,1348514411.0
False,B,2020-06-10 21:45:00,15,0.0,0.0,4003.0,1348514411.0
False,B,2020-06-10 22:00:00,15,0.0,0.0,4003.0,1348514411.0
False,B,2020-06-10 22:15:00,15,0.0,0.0,4003.0,1348514411.0
False,B,2020-06-10 22:30:00,15,0.0,0.0,4003.0,1348514411.0
False,B,2020-06-10 22:45:00,15,0.0,0.0,4003.0,1348514411.0
False,B,2020-06-10 23:00:00,15,0.0,0.0,4003.0,1348514411.0
False,B,2020-06-10 23:15:00,15,0.0,0.0,4003.0,1348514411.0
False,B,2020-06-10 23:30:00,15,0.0,0.0,4003.0,1348514411.0
False,B,2020-06-10 23:45:00,15,0.0,0.0,4003.0,1348514411.0
False,B,2020-06-11 00:00:00,15,0.0,0.0,4003.0,1348514411.0
False,B,2020-06-11 00:15:00,15,0.0,0.0,4003.0,1348514411.0
False,B,2020-06-11 00:30:00,15,0.0,0.0,4003.0,1348514411.0
False,B,2020-06-11 00:45:00,15,0.0,0.0,4003.0,1348514411.0
False,B,2020-06-11 01:00:00,15,0.0,0.0,4003.0,1348514411.0
False,B,2020-06-11 01:15:00,15,0.0,0.0,4003.0,1348514411.0
False,B,2020-06-11 01:30:00,15,0.0,0.0,4003.0,1348514411.0
False,B,2020-06-11 01:45:00,15,0.0,0.0,4003.0,1348514411.0
False,B,2020-06-11 02:00:00,15,0.0,0.0,4003.0,1348514411.0
False,B,2020-06-11 02:15:00,15,0.0,0.0,4003.0,1348514411.0
False,B,2020-06-11 02:30:00,15,0.0,0.0,4003.0,1348514411.0
False,B,2020-06-11 02:45:00,15,0.0,0.0,4003.0,1348514411.0
False,B,2020-06-11 03:00:00,15,0.0,0.0,4003.0,1348514411.0
False,B,2020-06-11 03:15:00,15,0.0,0.0,4003.0,1348514411.0
False,B,2020-06-11 03:30:00,15,0.0,0.0,4003.0,1348514411.0
False,B,2020-06-11 03:45:00,15,0.0,0.0,4003.0,1348514411.0
False,B,2020-06-11 04:00:00,15,0.0,0.0,4003.0,1348514411.0
False,B,2020-06-11 04:15:00,15,0.0,0.0,4003.0,1348514411.0
False,B,2020-06-11 04:30:00,15,0.0,0.0,4003.0,1348514411.0
False,B,2020-06-11 04:45:00,15,0.0,0.0,4003.0,1348514411.0
False,B,2020-06-11 05:00:00,15,0.0,0.0,4003.0,1348514411.0
False,B,2020-06-11 05:15:00,15,0.0,0.0,4003.0,1348514411.0
False,B,2020-06-11 05:30:00,15,0.0,0.0,4003.0,1348514411.0
False,B,2020-06-11 05:45:00,15,0.0,0.0,4003.0,1348514411.0
False,B,2020-06-11 06:00:00,15,0.5933333333333333,0.5733333333333333,0.0,1348514411.0
False,B,2020-06-11 06:15:00,15,13.333333333333334,12.853333333333332,2.2,1348514413.1999998
False,B,2020-06-11 06:30:00,15,21.19333333333333,20.433333333333334,6.333333333333334,1348514417.3333333
False,B,2020-06-11 06:45:00,15,34.64285714285715,33.46428571428571,12.5,1348514423.5
False,B,2020-06-11 07:00:00,15,88.12000000000003,85.54666666666665,26.2,1348514437.2000003
False,B,2020-06-11 07:15:00,15,151.74666666666664,148.2333333333333,55.53333333333334,1348514466.5333335
False,B,2020-06-11 07:30:00,15,149.46666666666664,145.78666666666666,94.46666666666668,1348514505.4666667
False,B,2020-06-11 07:45:00,15,105.0,102.05333333333331,126.73333333333332,1348514537.7333336
False,B,2020-06-11 08:00:00,15,105.28571428571428,102.32857142857144,149.92857142857144,1348514560.9285717
False,B,2020-06-11 08:15:00,15,175.54666666666665,172.0066666666667,183.6,1348514594.6
False,B,2020-06-11 08:30:00,15,221.94000000000003,217.58666666666667,231.8,1348514642.8
False,B,2020-06-11 08:45:00,15,349.66,343.61333333333334,300.6,1348514711.6
False,B,2020-06-11 09:00:00,15,533.3333333333335,522.8800000000001,412.0,1348514823.0
False,B,2020-06-11 09:15:00,15,478.1428571428572,469.0642857142857,540.4999999999999,1348514951.5
False,B,2020-06-11 09:30:00,15,282.0533333333333,276.93333333333334,629.0666666666667,1348515040.0666666
False,B,2020-06-11 09:45:00,15,345.42,339.2866666666667,700.9333333333334,1348515111.9333336
False,B,2020-06-11 10:00:00,15,446.48666666666657,438.2466666666666,800.6666666666667,1348515211.6666665
False,B,2020-06-11 10:15:00,15,487.5933333333334,478.12,919.0,1348515330.0
False,B,2020-06-11 10:30:00,15,513.55,503.52857142857147,1035.071428571429,1348515446.0714288
False,B,2020-06-11 10:45:00,15,572.2266666666667,560.7866666666665,1173.2,1348515584.1999998
False,B,2020-06-11 11:00:00,15,588.0,576.1799999999998,1310.1999999999998,1348515721.1999996
False,B,2020-06-11 11:15:00,15,675.7,661.8133333333334,1466.9333333333334,1348515877.9333334
False,B,2020-06-11 11:30:00,15,692.42,678.1466666666668,1643.7333333333331,1348516054.733333
False,B,2020-06-11 11:45:00,15,757.5428571428572,741.1642857142857,1811.428571428572,1348516222.4285717
True,B,2020-06-11 12:00:00,15,0.0,0.0,126.93333333333332,89901087.66666667
False,B,2020-06-11 12:15:00,15,59.37692307692308,58.35384615384615,293.69230769230774,518660121.92307687
False,B,2020-06-11 12:30:00,15,491.66,482.3466666666666,1969.3333333333333,1348516380.3333333
False,B,2020-06-11 12:45:00,15,592.8666666666668,580.94,2112.2,1348516523.2000003
False,B,2020-06-11 13:00:00,15,501.03571428571433,491.2142857142858,2238.714285714286,1348516649.7142856
False,B,2020-06-11 13:15:00,15,478.64666666666665,469.47333333333336,2361.2,1348516772.2
False,B,2020-06-11 13:30:00,15,534.3533333333334,523.8733333333332,2480.2,1348516891.1999998
False,B,2020-06-11 13:45:00,15,670.3999999999999,656.6066666666668,2628.8666666666672,1348517039.8666666
False,B,2020-06-11 14:00:00,15,531.2066666666666,520.9000000000001,2792.0,1348517203.0000002
False,B,2020-06-11 14:15:00,15,518.1928571428572,508.0571428571429,2909.785714285714,1348517320.7857144
False,B,2020-06-11 14:30:00,15,344.3933333333334,338.46666666666664,3014.866666666667,1348517425.8666668
False,B,2020-06-11 14:45:00,15,247.78666666666663,242.98666666666668,3086.4,1348517497.4000003
False,B,2020-06-11 15:00:00,15,374.56,367.9333333333333,3159.9999999999995,1348517571.0000002
False,B,2020-06-11 15:15:00,15,537.8333333333334,527.2466666666667,3271.5999999999995,1348517682.6
False,B,2020-06-11 15:30:00,15,332.92142857142863,326.9285714285714,3381.428571428571,1348517792.4285717
False,B,2020-06-11 15:45:00,15,429.2466666666667,421.3466666666666,3480.6,1348517891.6
False,B,2020-06-11 16:00:00,15,273.77333333333337,268.88000000000005,3328.5333333333333,1258616778.8000002
False,B,2020-06-11 16:15:00,15,175.0866666666667,171.51333333333332,3625.666666666667,1348518036.6666667
False,B,2020-06-11 16:30:00,15,171.19333333333333,167.61333333333334,3667.7333333333336,1348518078.733333
False,B,2020-06-11 16:45:00,15,104.96428571428572,101.99285714285716,3700.928571428571,1348518111.9285717
False,B,2020-06-11 17:00:00,15,118.56666666666666,115.3,3728.0,1348518138.9999998
False,B,2020-06-11 17:15:00,15,92.63333333333334,89.94666666666667,3753.1333333333328,1348518164.1333332
False,B,2020-06-11 17:30:00,15,88.24666666666667,85.69333333333331,3776.1333333333328,1348518187.1333334
False,B,2020-06-11 17:45:00,15,81.4642857142857,79.07142857142857,3796.0,1348518207.0
False,B,2020-06-11 18:00:00,15,71.82000000000002,69.58666666666666,3814.6666666666665,1348518225.6666665
False,B,2020-06-11 18:15:00,15,34.400000000000006,33.23999999999999,3828.0,1348518239.0
False,B,2020-06-11 18:30:00,15,9.093333333333332,8.76,3833.3333333333335,1348518244.3333333
False,B,2020-06-11 18:45:00,15,0.0,0.0,3834.0,1348518245.0
False,B,2020-06-11 19:00:00,15,0.0,0.0,3834.0,1348518245.0
False,B,2020-06-11 19:15:00,15,0.0,0.0,3834.0,1348518245.0
False,B,2020-06-11 19:30:00,15,0.0,0.0,3834.0,1348518245.0
False,B,2020-06-11 19:45:00,15,0.0,0.0,3834.0,1348518245.0
False,B,2020-06-11 20:00:00,15,0.0,0.0,3834.0,1348518245.0
False,B,2020-06-11 20:15:00,15,0.0,0.0,3834.0,1348518245.0
False,B,2020-06-11 20:30:00,15,0.0,0.0,3834.0,1348518245.0
False,B,2020-06-11 20:45:00,15,0.0,0.0,3834.0,1348518245.0
False,B,2020-06-11 21:00:00,15,0.0,0.0,3834.0,1348518245.0
False,B,2020-06-11 21:15:00,15,0.0,0.0,3834.0,1348518245.0
False,B,2020-06-11 21:30:00,15,0.0,0.0,3834.0,1348518245.0
False,B,2020-06-11 21:45:00,15,0.0,0.0,3834.0,1348518245.0
False,B,2020-06-11 22:00:00,15,0.0,0.0,3834.0,1348518245.0
False,B,2020-06-11 22:15:00,15,0.0,0.0,3834.0,1348518245.0
False,B,2020-06-11 22:30:00,15,0.0,0.0,3834.0,1348518245.0
False,B,2020-06-11 22:45:00,15,0.0,0.0,3834.0,1348518245.0
False,B,2020-06-11 23:00:00,15,0.0,0.0,3834.0,1348518245.0
False,B,2020-06-11 23:15:00,15,0.0,0.0,3834.0,1348518245.0
False,B,2020-06-11 23:30:00,15,0.0,0.0,3834.0,1348518245.0
False,B,2020-06-11 23:45:00,15,0.0,0.0,3834.0,1348518245.0
False,B,2020-06-12 00:00:00,15,0.0,0.0,3834.0,1348518245.0
False,B,2020-06-12 00:15:00,15,0.0,0.0,3834.0,1348518245.0
False,B,2020-06-12 00:30:00,15,0.0,0.0,3834.0,1348518245.0
False,B,2020-06-12 00:45:00,15,0.0,0.0,3834.0,1348518245.0
False,B,2020-06-12 01:00:00,15,0.0,0.0,3834.0,1348518245.0
False,B,2020-06-12 01:15:00,15,0.0,0.0,3834.0,1348518245.0
False,B,2020-06-12 01:30:00,15,0.0,0.0,3834.0,1348518245.0
False,B,2020-06-12 01:45:00,15,0.0,0.0,3834.0,1348518245.0
False,B,2020-06-12 02:00:00,15,0.0,0.0,3834.0,1348518245.0
False,B,2020-06-12 02:15:00,15,0.0,0.0,3834.0,1348518245.0
False,B,2020-06-12 02:30:00,15,0.0,0.0,3834.0,1348518245.0
False,B,2020-06-12 02:45:00,15,0.0,0.0,3834.0,1348518245.0
False,B,2020-06-12 03:00:00,15,0.0,0.0,3834.0,1348518245.0
False,B,2020-06-12 03:15:00,15,0.0,0.0,3834.0,1348518245.0
False,B,2020-06-12 03:30:00,15,0.0,0.0,3834.0,1348518245.0
False,B,2020-06-12 03:45:00,15,0.0,0.0,3834.0,1348518245.0
False,B,2020-06-12 04:00:00,15,0.0,0.0,3834.0,1348518245.0
False,B,2020-06-12 04:15:00,15,0.0,0.0,3834.0,1348518245.0
False,B,2020-06-12 04:30:00,15,0.0,0.0,3834.0,1348518245.0
False,B,2020-06-12 04:45:00,15,0.0,0.0,3834.0,1348518245.0
False,B,2020-06-12 05:00:00,15,0.0,0.0,3834.0,1348518245.0
False,B,2020-06-12 05:15:00,15,0.0,0.0,3834.0,1348518245.0
False,B,2020-06-12 05:30:00,15,0.0,0.0,3834.0,1348518245.0
False,B,2020-06-12 05:45:00,15,0.0,0.0,3834.0,1348518245.0
False,B,2020-06-12 06:00:00,15,0.8866666666666667,0.853333333333333,3834.0,1348518245.0
False,B,2020-06-12 06:15:00,15,19.942857142857143,19.26428571428572,2.142857142857143,1348518247.1428573
False,B,2020-06-12 06:30:00,15,47.493333333333325,45.92,9.466666666666669,1348518254.4666667
False,B,2020-06-12 06:45:00,15,98.1,95.3,27.133333333333333,1348518272.1333332
False,B,2020-06-12 07:00:00,15,131.7,128.29333333333332,54.8,1348518299.7999997
False,B,2020-06-12 07:15:00,15,170.12000000000003,166.50666666666672,91.53333333333332,1348518336.5333335
False,B,2020-06-12 07:30:00,15,193.08571428571432,189.26428571428573,137.35714285714286,1348518382.3571427
False,B,2020-06-12 07:45:00,15,250.86666666666665,246.02,187.5333333333333,1348518432.5333333
False,B,2020-06-12 08:00:00,15,237.05333333333328,232.42666666666668,252.46666666666664,1348518497.4666665
False,B,2020-06-12 08:15:00,15,252.64,247.81333333333333,309.9333333333333,1348518554.9333334
False,B,2020-06-12 08:30:00,15,313.21428571428567,307.5928571428572,383.8571428571428,1348518628.8571427
False,B,2020-06-12 08:45:00,15,183.40666666666667,179.53333333333333,439.33333333333337,1348518684.3333333
False,B,2020-06-12 09:00:00,15,466.0533333333333,457.20666666666665,520.5999999999999,1348518765.6
False,B,2020-06-12 09:15:00,15,367.26666666666654,360.9066666666666,619.8000000000001,1348518864.8
False,B,2020-06-12 09:30:00,15,614.7066666666668,602.2466666666666,742.4666666666666,1348518987.4666667
False,B,2020-06-12 09:45:00,15,444.65,436.3857142857143,877.2857142857142,1348519122.2857144
False,B,2020-06-12 10:00:00,15,358.46,352.1333333333333,971.7333333333332,1348519216.733333
False,B,2020-06-12 10:15:00,15,256.71333333333337,251.8466666666667,1047.0,1348519292.0000002
False,B,2020-06-12 10:30:00,15,243.94666666666663,239.21333333333337,1108.4666666666665,1348519353.4666667
False,B,2020-06-12 10:45:00,15,309.64,303.80000000000007,1169.1333333333334,1348519414.1333332
False,B,2020-06-12 11:00:00,15,570.0714285714284,558.6428571428571,1275.7857142857142,1348519520.7857144
False,B,2020-06-12 11:15:00,15,786.1733333333333,769.3933333333333,1455.2,1348519700.2
False,B,2020-06-12 11:30:00,15,722.4933333333332,707.44,1633.4,1348519878.4
False,B,2020-06-12 11:45:00,15,580.0533333333333,568.0400000000001,1776.8666666666668,1348520021.8666668
False,B,2020-06-12 12:00:00,15,626.6333333333332,613.9466666666667,1945.2000000000005,1348520190.2000003
False,B,2020-06-12 12:15:00,15,614.8642857142856,602.4357142857142,2093.714285714286,1348520338.7142856
False,B,2020-06-12 12:30:00,15,596.0466666666669,584.0466666666665,2236.2000000000003,1348520481.2
False,B,2020-06-12 12:45:00,15,483.10666666666657,473.04,1901.8,1078816497.8
False,B,2020-06-12 13:00:00,15,144.94666666666666,142.06,489.5333333333333,629309652.1333333
False,B,2020-06-12 13:15:00,15,677.7133333333334,663.4599999999999,2531.6,1348520776.6
False,B,2020-06-12 13:30:00,15,819.7571428571428,802.2714285714286,2729.928571428572,1348520974.9285712
False,B,2020-06-12 13:45:00,15,568.2533333333334,556.9000000000001,2889.9333333333334,1348521134.9333334
False,B,2020-06-12 14:00:00,15,748.64,732.9733333333331,3050.7333333333327,1348521295.733333
False,B,2020-06-12 14:15:00,15,625.1266666666668,612.4,3231.333333333333,1348521476.3333335
False,B,2020-06-12 14:30:00,15,507.1666666666666,497.21333333333325,3366.6666666666665,1348521611.6666667
False,B,2020-06-12 14:45:00,15,506.46428571428567,496.5142857142857,3486.1428571428573,1348521731.1428573
False,B,2020-06-12 15:00:00,15,665.02,651.3933333333333,3629.2666666666655,1348521874.2666664
False,B,2020-06-12 15:15:00,15,593.3266666666668,581.3933333333335,3786.7333333333336,1348522031.733333
False,B,2020-06-12 15:30:00,15,682.0199999999999,667.9666666666668,3942.3333333333335,1348522187.3333335
False,B,2020-06-12 15:45:00,15,527.3000000000001,516.8642857142858,4085.857142857143,1348522330.8571427
False,B,2020-06-12 16:00:00,15,434.9666666666666,426.96,4207.533333333334,1348522452.5333335
False,B,2020-06-12 16:15:00,15,236.26666666666665,231.7333333333333,4293.533333333333,1348522538.5333335
False,B,2020-06-12 16:30:00,15,232.8,228.26,4346.466666666667,1348522591.4666667
False,B,2020-06-12 16:45:00,15,259.84,254.85333333333327,4117.866666666667,1258621146.5333333
False,B,2020-06-12 17:00:00,15,251.15714285714287,246.3,4474.928571428571,1348522719.9285712
False,B,2020-06-12 17:15:00,15,254.57333333333327,249.65333333333328,4537.2,1348522782.1999998
False,B,2020-06-12 17:30:00,15,173.90666666666667,170.1666666666667,4592.799999999999,1348522837.7999997
False,B,2020-06-12 17:45:00,15,103.70666666666666,100.77333333333333,4625.200000000001,1348522870.2
False,B,2020-06-12 18:00:00,15,68.94666666666667,66.83333333333333,4644.9333333333325,1348522889.9333334
False,B,2020-06-12 18:15:00,15,92.87857142857143,90.20714285714284,4666.0,1348522911.0
False,B,2020-06-12 18:30:00,15,33.28,32.173333333333325,4680.9333333333325,1348522925.9333334
False,B,2020-06-12 18:45:00,15,1.893333333333333,1.8266666666666669,4684.866666666666,1348522929.8666666
False,B,2020-06-12 19:00:00,15,0.0,0.0,4685.0,1348522930.0
False,B,2020-06-12 19:15:00,15,0.0,0.0,4685.0,1348522930.0
False,B,2020-06-12 19:30:00,15,0.0,0.0,4685.0,1348522930.0
False,B,2020-06-12 19:45:00,15,0.0,0.0,4685.0,1348522930.0
False,B,2020-06-12 20:00:00,15,0.0,0.0,4685.0,1348522930.0
False,B,2020-06-12 20:15:00,15,0.0,0.0,4685.0,1348522930.0
False,B,2020-06-12 20:30:00,15,0.0,0.0,4685.0,1348522930.0
False,B,2020-06-12 20:45:00,15,0.0,0.0,4685.0,1348522930.0
False,B,2020-06-12 21:00:00,15,0.0,0.0,4685.0,1348522930.0
False,B,2020-06-12 21:15:00,15,0.0,0.0,4685.0,1348522930.0
False,B,2020-06-12 21:30:00,15,0.0,0.0,4685.0,1348522930.0
False,B,2020-06-12 21:45:00,15,0.0,0.0,4685.0,1348522930.0
False,B,2020-06-12 22:00:00,15,0.0,0.0,4685.0,1348522930.0
False,B,2020-06-12 22:15:00,15,0.0,0.0,4685.0,1348522930.0
False,B,2020-06-12 22:30:00,15,0.0,0.0,4685.0,1348522930.0
False,B,2020-06-12 22:45:00,15,0.0,0.0,4685.0,1348522930.0
False,B,2020-06-12 23:00:00,15,0.0,0.0,4685.0,1348522930.0
False,B,2020-06-12 23:15:00,15,0.0,0.0,4685.0,1348522930.0
False,B,2020-06-12 23:30:00,15,0.0,0.0,4685.0,1348522930.0
False,B,2020-06-12 23:45:00,15,0.0,0.0,4685.0,1348522930.0
False,B,2020-06-13 00:00:00,15,0.0,0.0,4685.0,1348522930.0
False,B,2020-06-13 00:15:00,15,0.0,0.0,4685.0,1348522930.0
False,B,2020-06-13 00:30:00,15,0.0,0.0,4685.0,1348522930.0
False,B,2020-06-13 00:45:00,15,0.0,0.0,4685.0,1348522930.0
False,B,2020-06-13 01:00:00,15,0.0,0.0,4685.0,1348522930.0
False,B,2020-06-13 01:15:00,15,0.0,0.0,4685.0,1348522930.0
False,B,2020-06-13 01:30:00,15,0.0,0.0,4685.0,1348522930.0
False,B,2020-06-13 01:45:00,15,0.0,0.0,4685.0,1348522930.0
False,B,2020-06-13 02:00:00,15,0.0,0.0,4685.0,1348522930.0
False,B,2020-06-13 02:15:00,15,0.0,0.0,4685.0,1348522930.0
False,B,2020-06-13 02:30:00,15,0.0,0.0,4685.0,1348522930.0
False,B,2020-06-13 02:45:00,15,0.0,0.0,4685.0,1348522930.0
False,B,2020-06-13 03:00:00,15,0.0,0.0,4685.0,1348522930.0
False,B,2020-06-13 03:15:00,15,0.0,0.0,4685.0,1348522930.0
False,B,2020-06-13 03:30:00,15,0.0,0.0,4685.0,1348522930.0
False,B,2020-06-13 03:45:00,15,0.0,0.0,4685.0,1348522930.0
False,B,2020-06-13 04:00:00,15,0.0,0.0,4685.0,1348522930.0
False,B,2020-06-13 04:15:00,15,0.0,0.0,4685.0,1348522930.0
False,B,2020-06-13 04:30:00,15,0.0,0.0,4685.0,1348522930.0
False,B,2020-06-13 04:45:00,15,0.0,0.0,4685.0,1348522930.0
False,B,2020-06-13 05:00:00,15,0.0,0.0,4685.0,1348522930.0
False,B,2020-06-13 05:15:00,15,0.0,0.0,4685.0,1348522930.0
False,B,2020-06-13 05:30:00,15,0.0,0.0,4685.0,1348522930.0
False,B,2020-06-13 05:45:00,15,0.0,0.0,4685.0,1348522930.0
False,B,2020-06-13 06:00:00,15,3.1333333333333337,3.0133333333333336,4685.0,1348522930.0
False,B,2020-06-13 06:15:00,15,41.46666666666666,40.07333333333333,2813.5333333333338,1348522934.5333335
False,B,2020-06-13 06:30:00,15,73.56666666666668,71.31333333333333,14.266666666666667,1348522949.266667
False,B,2020-06-13 06:45:00,15,112.4,109.35,34.14285714285714,1348522969.1428573
False,B,2020-06-13 07:00:00,15,188.70666666666665,184.93333333333328,71.2,1348523006.1999998
False,B,2020-06-13 07:15:00,15,184.64666666666668,180.86666666666667,117.86666666666667,1348523052.8666666
False,B,2020-06-13 07:30:00,15,328.41333333333336,322.7266666666667,179.6,1348523114.6
False,B,2020-06-13 07:45:00,15,283.32,277.97333333333336,260.8,1348523195.7999997
False,B,2020-06-13 08:00:00,15,358.87857142857155,352.72142857142853,336.8571428571429,1348523271.8571427
False,B,2020-06-13 08:15:00,15,427.6533333333333,419.6266666666667,432.33333333333326,1348523367.3333333
False,B,2020-06-13 08:30:00,15,368.2266666666666,361.4666666666666,530.6666666666665,1348523465.666667
False,B,2020-06-13 08:45:00,15,555.0533333333333,544.1133333333332,644.8000000000001,1348523579.8000002
False,B,2020-06-13 09:00:00,15,646.4066666666665,632.9266666666665,792.9333333333332,1348523727.9333332
False,B,2020-06-13 09:15:00,15,380.7285714285714,374.05,917.0,1348523852.0
False,B,2020-06-13 09:30:00,15,663.5666666666668,649.6533333333334,1027.0666666666666,1348523962.0666666
False,B,2020-06-13 09:45:00,15,298.42,292.15333333333336,619.2000000000002,719212851.1999999
False,B,2020-06-13 10:00:00,15,669.32,654.1733333333334,932.3999999999996,1168720967.6666665
False,B,2020-06-13 10:15:00,15,602.4214285714285,589.8785714285716,1387.7142857142858,1348524322.7142856
False,B,2020-06-13 10:30:00,15,243.88666666666668,237.9866666666667,503.66666666666686,449508148.66666657
True,B,2020-06-13 10:45:00,15,0.0,0.0,0.0,0.0
False,B,2020-06-13 11:00:00,15,560.74,547.1199999999999,747.2000000000002,899016342.4
False,B,2020-06-13 11:15:00,15,906.38,886.0533333333334,1798.8,1348524733.8000002
False,B,2020-06-13 11:30:00,15,895.6,875.8333333333331,2019.6666666666667,1348524954.6666665
False,B,2020-06-13 11:45:00,15,882.2142857142856,862.45,2217.785714285714,1348525152.785714
False,B,2020-06-13 12:00:00,15,1047.5133333333335,1023.02,2458.2000000000003,1348525393.2
False,B,2020-06-13 12:15:00,15,1228.1799999999996,1198.5533333333335,2726.1333333333337,1348525661.1333334
False,B,2020-06-13 12:30:00,15,1211.38,1182.2066666666667,3028.1333333333328,1348525963.1333334
False,B,2020-06-13 12:45:00,15,830.8142857142858,812.6285714285715,3286.9999999999995,1348526221.9999998
False,B,2020-06-13 13:00:00,15,1098.4466666666667,1072.1799999999998,3507.4,1348526442.4
False,B,2020-06-13 13:15:00,15,960.96,938.6466666666664,3770.2666666666655,1348526705.266667
False,B,2020-06-13 13:30:00,15,1027.746666666667,1003.6533333333334,4021.4,1348526956.4
False,B,2020-06-13 13:45:00,15,436.38,428.2266666666666,4197.9333333333325,1348527132.9333334
False,B,2020-06-13 14:00:00,15,916.3428571428572,895.4928571428571,4347.285714285715,1348527282.285714
False,B,2020-06-13 14:15:00,15,651.4333333333333,637.9266666666665,4523.6,1348527458.6
False,B,2020-06-13 14:30:00,15,1166.5133333333335,1138.4666666666667,4756.466666666664,1348527691.4666667
False,B,2020-06-13 14:45:00,15,557.1466666666666,546.1133333333332,4980.133333333334,1348527915.1333334
False,B,2020-06-13 15:00:00,15,630.3428571428572,617.5142857142857,5123.0,1348528057.9999998
False,B,2020-06-13 15:15:00,15,753.8066666666666,737.4399999999998,5289.666666666667,1348528224.6666665
False,B,2020-06-13 15:30:00,15,731.56,715.7533333333333,5495.333333333333,1348528430.3333333
False,B,2020-06-13 15:45:00,15,664.9999999999999,651.2533333333334,5648.2666666666655,1348528583.266667
False,B,2020-06-13 16:00:00,15,385.5133333333334,377.86,5799.066666666668,1348528734.0666666
False,B,2020-06-13 16:15:00,15,598.4142857142856,586.1357142857144,5902.071428571428,1348528837.0714283
False,B,2020-06-13 16:30:00,15,415.4866666666666,407.2933333333333,6037.533333333334,1348528972.5333333
False,B,2020-06-13 16:45:00,15,455.00000000000006,445.63333333333327,6122.533333333334,1348529057.5333333
False,B,2020-06-13 17:00:00,15,488.62666666666667,479.21333333333325,6253.333333333334,1348529188.333333
False,B,2020-06-13 17:15:00,15,283.15000000000003,277.9357142857143,6351.714285714286,1348529286.7142856
False,B,2020-06-13 17:30:00,15,198.4,194.44666666666663,6405.8,1348529340.8000002
False,B,2020-06-13 17:45:00,15,125.88666666666668,122.66666666666669,6444.000000000001,1348529379.0
False,B,2020-06-13 18:00:00,15,123.60666666666668,120.3,6478.066666666668,1348529413.0666666
False,B,2020-06-13 18:15:00,15,68.95714285714286,66.83571428571427,6500.571428571428,1348529435.5714288
False,B,2020-06-13 18:30:00,15,28.680000000000003,27.7,6512.133333333334,1348529447.1333334
False,B,2020-06-13 18:45:00,15,1.3266666666666664,1.2800000000000002,6515.0,1348529450.0
False,B,2020-06-13 19:00:00,15,0.0,0.0,6515.0,1348529450.0
False,B,2020-06-13 19:15:00,15,0.0,0.0,6515.0,1348529450.0
False,B,2020-06-13 19:30:00,15,0.0,0.0,6515.0,1348529450.0
False,B,2020-06-13 19:45:00,15,0.0,0.0,6515.0,1348529450.0
False,B,2020-06-13 20:00:00,15,0.0,0.0,6515.0,1348529450.0
False,B,2020-06-13 20:15:00,15,0.0,0.0,6515.0,1348529450.0
False,B,2020-06-13 20:30:00,15,0.0,0.0,6515.0,1348529450.0
False,B,2020-06-13 20:45:00,15,0.0,0.0,6515.0,1348529450.0
False,B,2020-06-13 21:00:00,15,0.0,0.0,6515.0,1348529450.0
False,B,2020-06-13 21:15:00,15,0.0,0.0,6515.0,1348529450.0
False,B,2020-06-13 21:30:00,15,0.0,0.0,6515.0,1348529450.0
False,B,2020-06-13 21:45:00,15,0.0,0.0,6515.0,1348529450.0
False,B,2020-06-13 22:00:00,15,0.0,0.0,6515.0,1348529450.0
False,B,2020-06-13 22:15:00,15,0.0,0.0,6515.0,1348529450.0
False,B,2020-06-13 22:30:00,15,0.0,0.0,6515.0,1348529450.0
False,B,2020-06-13 22:45:00,15,0.0,0.0,6515.0,1348529450.0
False,B,2020-06-13 23:00:00,15,0.0,0.0,6515.0,1348529450.0
False,B,2020-06-13 23:15:00,15,0.0,0.0,6515.0,1348529450.0
False,B,2020-06-13 23:30:00,15,0.0,0.0,6515.0,1348529450.0
False,B,2020-06-13 23:45:00,15,0.0,0.0,6515.0,1348529450.0
False,B,2020-06-14 00:00:00,15,0.0,0.0,6515.0,1348529450.0
False,B,2020-06-14 00:15:00,15,0.0,0.0,6515.0,1348529450.0
False,B,2020-06-14 00:30:00,15,0.0,0.0,6515.0,1348529450.0
False,B,2020-06-14 00:45:00,15,0.0,0.0,6515.0,1348529450.0
False,B,2020-06-14 01:00:00,15,0.0,0.0,6515.0,1348529450.0
False,B,2020-06-14 01:15:00,15,0.0,0.0,6515.0,1348529450.0
False,B,2020-06-14 01:30:00,15,0.0,0.0,6515.0,1348529450.0
False,B,2020-06-14 01:45:00,15,0.0,0.0,6515.0,1348529450.0
False,B,2020-06-14 02:00:00,15,0.0,0.0,6515.0,1348529450.0
False,B,2020-06-14 02:15:00,15,0.0,0.0,6515.0,1348529450.0
False,B,2020-06-14 02:30:00,15,0.0,0.0,6515.0,1348529450.0
False,B,2020-06-14 02:45:00,15,0.0,0.0,6515.0,1348529450.0
False,B,2020-06-14 03:00:00,15,0.0,0.0,6515.0,1348529450.0
False,B,2020-06-14 03:15:00,15,0.0,0.0,6515.0,1348529450.0
False,B,2020-06-14 03:30:00,15,0.0,0.0,6515.0,1348529450.0
False,B,2020-06-14 03:45:00,15,0.0,0.0,6515.0,1348529450.0
False,B,2020-06-14 04:00:00,15,0.0,0.0,6515.0,1348529450.0
False,B,2020-06-14 04:15:00,15,0.0,0.0,6515.0,1348529450.0
False,B,2020-06-14 04:30:00,15,0.0,0.0,6515.0,1348529450.0
False,B,2020-06-14 04:45:00,15,0.0,0.0,6515.0,1348529450.0
False,B,2020-06-14 05:00:00,15,0.0,0.0,6515.0,1348529450.0
False,B,2020-06-14 05:15:00,15,0.0,0.0,6515.0,1348529450.0
False,B,2020-06-14 05:30:00,15,0.0,0.0,6515.0,1348529450.0
False,B,2020-06-14 05:45:00,15,0.0,0.0,6515.0,1348529450.0
False,B,2020-06-14 06:00:00,15,13.32,12.853333333333332,6515.733333333334,1348529450.733333
False,B,2020-06-14 06:15:00,15,47.54,45.98,6523.6,1348529458.6
False,B,2020-06-14 06:30:00,15,95.90666666666668,93.16,6103.6,1348529475.3333335
False,B,2020-06-14 06:45:00,15,164.17142857142858,160.55714285714288,18.214285714285715,1348529504.214286
False,B,2020-06-14 07:00:00,15,222.7533333333333,218.32666666666665,65.46666666666667,1348529551.4666667
False,B,2020-06-14 07:15:00,15,300.8666666666667,295.3466666666667,129.4,1348529615.4
False,B,2020-06-14 07:30:00,15,367.6533333333333,361.0333333333333,219.3333333333333,1348529705.3333335
False,B,2020-06-14 07:45:00,15,459.8866666666667,450.89333333333326,312.53333333333336,1348529798.5333335
False,B,2020-06-14 08:00:00,15,442.8857142857143,434.4357142857143,430.4285714285714,1348529916.4285717
False,B,2020-06-14 08:15:00,15,369.9266666666666,362.91333333333336,519.1999999999999,1348530005.2
False,B,2020-06-14 08:30:00,15,530.48,532.7285714285715,623.1428571428571,1348530109.1428573
False,B,2020-06-14 08:45:00,15,464.21333333333325,455.38000000000005,744.1999999999998,1348530230.2
False,B,2020-06-14 09:00:00,15,800.8214285714284,783.7000000000002,902.1428571428572,1348530388.1428573
False,B,2020-06-14 09:15:00,15,600.8533333333335,588.6066666666667,1073.2666666666669,1348530559.266667
False,B,2020-06-14 09:30:00,15,628.9599999999999,616.1399999999999,1238.5333333333328,1348530724.5333335
False,B,2020-06-14 09:45:00,15,593.5266666666668,581.5466666666665,1378.8,1348530864.8
False,B,2020-06-14 10:00:00,15,660.3000000000001,646.4666666666667,1532.1999999999998,1348531018.2
False,B,2020-06-14 10:15:00,15,988.7928571428572,965.7999999999998,1753.142857142857,1348531239.1428573
False,B,2020-06-14 10:30:00,15,510.5933333333333,498.0,1967.9333333333327,1348531453.9333332
False,B,2020-06-14 10:45:00,15,429.9133333333333,420.10666666666657,2020.5333333333333,1348531506.5333333
False,B,2020-06-14 11:00:00,15,1039.3866666666668,1014.7733333333332,2242.9333333333334,1348531728.9333334
False,B,2020-06-14 11:15:00,15,973.7866666666667,951.32,2513.333333333333,1348531999.3333333
False,B,2020-06-14 11:30:00,15,1012.7,989.0428571428572,2740.5000000000005,1348532226.5
False,B,2020-06-14 11:45:00,15,703.72,688.5600000000001,2951.0666666666666,1348532437.0666668
False,B,2020-06-14 12:00:00,15,831.7733333333333,813.5,3138.6,1348532624.6
False,B,2020-06-14 12:15:00,15,1121.746666666667,1094.8466666666666,3405.2000000000003,1348532891.1999996
False,B,2020-06-14 12:30:00,15,1330.492857142857,1297.435714285714,3662.642857142857,1348533148.6428573
False,B,2020-06-14 12:45:00,15,1187.6333333333334,1158.9133333333332,3967.466666666666,1348533453.4666665
False,B,2020-06-14 13:00:00,15,1320.5400000000004,1287.7266666666667,4277.733333333334,1348533763.733333
False,B,2020-06-14 13:15:00,15,1224.9333333333334,1194.74,4572.9333333333325,1348534058.9333332
False,B,2020-06-14 13:30:00,15,1071.6266666666668,1045.7466666666664,4856.2666666666655,1348534342.266667
False,B,2020-06-14 13:45:00,15,1091.9357142857143,1066.05,5131.9285714285725,1348534617.9285717
False,B,2020-06-14 14:00:00,15,1045.74,1020.8933333333334,5393.799999999999,1348534879.8000002
False,B,2020-06-14 14:15:00,15,662.88,648.46,5614.533333333333,1348535100.5333333
False,B,2020-06-14 14:30:00,15,525.9533333333334,515.5999999999999,5731.466666666665,1348535217.4666667
False,B,2020-06-14 14:45:00,15,1019.0133333333332,995.6266666666666,5928.066666666666,1348535414.0666668
False,B,2020-06-14 15:00:00,15,551.1214285714285,540.2642857142856,6112.214285714286,1348535598.214286
False,B,2020-06-14 15:15:00,15,285.08,279.70666666666665,6216.2,1348535702.2
False,B,2020-06-14 15:30:00,15,627.9266666666667,615.0466666666665,6309.9333333333325,1348535795.9333332
False,B,2020-06-14 15:45:00,15,769.4133333333331,752.8733333333334,6510.066666666667,1348535996.0666666
False,B,2020-06-14 16:00:00,15,461.46,452.85333333333335,6648.6,1348536134.6
False,B,2020-06-14 16:15:00,15,310.45000000000005,304.86428571428576,6743.857142857143,1348536229.8571427
False,B,2020-06-14 16:30:00,15,455.36666666666656,446.7266666666666,6835.4,1348536321.4
False,B,2020-06-14 16:45:00,15,268.6066666666666,263.3066666666666,6936.333333333333,1348536422.3333333
False,B,2020-06-14 17:00:00,15,263.62,258.64,7000.733333333334,1348536486.733333
False,B,2020-06-14 17:15:00,15,218.8357142857143,214.57142857142856,7056.357142857142,1348536542.3571427
False,B,2020-06-14 17:30:00,15,166.20666666666668,162.66000000000005,7104.9333333333325,1348536590.9333334
False,B,2020-06-14 17:45:00,15,158.19333333333333,154.55333333333334,7144.6,1348536630.6
False,B,2020-06-14 18:00:00,15,101.34,98.48,7176.733333333334,1348536662.733333
False,B,2020-06-14 18:15:00,15,57.74,55.9,7197.0,1348536683.0
False,B,2020-06-14 18:30:00,15,22.621428571428574,21.835714285714285,7206.5714285714275,1348536692.5714283
False,B,2020-06-14 18:45:00,15,0.0,0.0,7209.0,1348536695.0
False,B,2020-06-14 19:00:00,15,0.0,0.0,7209.0,1348536695.0
False,B,2020-06-14 19:15:00,15,0.0,0.0,7209.0,1348536695.0
False,B,2020-06-14 19:30:00,15,0.0,0.0,7209.0,1348536695.0
False,B,2020-06-14 19:45:00,15,0.0,0.0,7209.0,1348536695.0
False,B,2020-06-14 20:00:00,15,0.0,0.0,7209.0,1348536695.0
False,B,2020-06-14 20:15:00,15,0.0,0.0,7209.0,1348536695.0
False,B,2020-06-14 20:30:00,15,0.0,0.0,7209.0,1348536695.0
False,B,2020-06-14 20:45:00,15,0.0,0.0,7209.0,1348536695.0
False,B,2020-06-14 21:00:00,15,0.0,0.0,7209.0,1348536695.0
False,B,2020-06-14 21:15:00,15,0.0,0.0,7209.0,1348536695.0
False,B,2020-06-14 21:30:00,15,0.0,0.0,7209.0,1348536695.0
False,B,2020-06-14 21:45:00,15,0.0,0.0,7209.0,1348536695.0
False,B,2020-06-14 22:00:00,15,0.0,0.0,7209.0,1348536695.0
False,B,2020-06-14 22:15:00,15,0.0,0.0,7209.0,1348536695.0
False,B,2020-06-14 22:30:00,15,0.0,0.0,7209.0,1348536695.0
False,B,2020-06-14 22:45:00,15,0.0,0.0,7209.0,1348536695.0
False,B,2020-06-14 23:00:00,15,0.0,0.0,7209.0,1348536695.0
False,B,2020-06-14 23:15:00,15,0.0,0.0,7209.0,1348536695.0
False,B,2020-06-14 23:30:00,15,0.0,0.0,7209.0,1348536695.0
False,B,2020-06-14 23:45:00,15,0.0,0.0,7209.0,1348536695.0
False,B,2020-06-15 00:00:00,15,0.0,0.0,7209.0,1348536695.0
False,B,2020-06-15 00:15:00,15,0.0,0.0,7209.0,1348536695.0
False,B,2020-06-15 00:30:00,15,0.0,0.0,7209.0,1348536695.0
False,B,2020-06-15 00:45:00,15,0.0,0.0,7209.0,1348536695.0
False,B,2020-06-15 01:00:00,15,0.0,0.0,7209.0,1348536695.0
False,B,2020-06-15 01:15:00,15,0.0,0.0,7209.0,1348536695.0
False,B,2020-06-15 01:30:00,15,0.0,0.0,7209.0,1348536695.0
False,B,2020-06-15 01:45:00,15,0.0,0.0,7209.0,1348536695.0
False,B,2020-06-15 02:00:00,15,0.0,0.0,7209.0,1348536695.0
False,B,2020-06-15 02:15:00,15,0.0,0.0,7209.0,1348536695.0
False,B,2020-06-15 02:30:00,15,0.0,0.0,7209.0,1348536695.0
False,B,2020-06-15 02:45:00,15,0.0,0.0,7209.0,1348536695.0
False,B,2020-06-15 03:00:00,15,0.0,0.0,7209.0,1348536695.0
False,B,2020-06-15 03:15:00,15,0.0,0.0,7209.0,1348536695.0
False,B,2020-06-15 03:30:00,15,0.0,0.0,7209.0,1348536695.0
False,B,2020-06-15 03:45:00,15,0.0,0.0,7209.0,1348536695.0
False,B,2020-06-15 04:00:00,15,0.0,0.0,7209.0,1348536695.0
False,B,2020-06-15 04:15:00,15,0.0,0.0,7209.0,1348536695.0
False,B,2020-06-15 04:30:00,15,0.0,0.0,7209.0,1348536695.0
False,B,2020-06-15 04:45:00,15,0.0,0.0,7209.0,1348536695.0
False,B,2020-06-15 05:00:00,15,0.0,0.0,7209.0,1348536695.0
False,B,2020-06-15 05:15:00,15,0.0,0.0,7209.0,1348536695.0
False,B,2020-06-15 05:30:00,15,0.0,0.0,7209.0,1348536695.0
False,B,2020-06-15 05:45:00,15,0.0,0.0,7209.0,1348536695.0
False,B,2020-06-15 06:00:00,15,11.706666666666669,11.313333333333334,7209.466666666667,1348536695.4666667
False,B,2020-06-15 06:15:00,15,34.57333333333333,33.413333333333334,7214.5999999999985,1348536700.6
False,B,2020-06-15 06:30:00,15,84.69285714285715,82.20714285714284,7228.5,1348536714.5
False,B,2020-06-15 06:45:00,15,123.78666666666666,120.38666666666668,16.26666666666667,1348536740.266667
False,B,2020-06-15 07:00:00,15,198.94666666666663,194.96000000000004,53.66666666666667,1348536777.6666665
False,B,2020-06-15 07:15:00,15,242.52666666666667,237.8333333333333,112.13333333333334,1348536836.1333332
False,B,2020-06-15 07:30:00,15,208.2428571428572,204.17857142857144,162.78571428571428,1348536886.785714
False,B,2020-06-15 07:45:00,15,418.02,410.2466666666666,235.53333333333336,1348536959.5333335
False,B,2020-06-15 08:00:00,15,510.3533333333335,500.23333333333335,351.8666666666667,1348537075.8666668
False,B,2020-06-15 08:15:00,15,578.9,567.3466666666667,483.5333333333333,1348537207.5333335
False,B,2020-06-15 08:30:00,15,735.9357142857142,720.5999999999998,646.2857142857143,1348537370.2857144
False,B,2020-06-15 08:45:00,15,828.7999999999998,811.0666666666667,835.4666666666667,1348537559.4666667
False,B,2020-06-15 09:00:00,15,522.6933333333333,511.2666666666667,1016.1333333333334,1348537740.1333332
True,B,2020-06-15 09:15:00,15,0.0,0.0,1056.0,1348537780.0
False,B,2020-06-15 09:30:00,15,188.6,185.21333333333328,1065.2666666666664,1348537789.266667
False,B,2020-06-15 09:45:00,15,201.5428571428572,197.7928571428572,1132.857142857143,1348537856.8571427
True,B,2020-06-15 10:00:00,15,0.0,0.0,1144.0,1348537868.0
True,B,2020-06-15 10:15:00,15,0.0,0.0,1144.0,1348537868.0
True,B,2020-06-15 10:30:00,15,0.0,0.0,1144.0,1348537868.0
True,B,2020-06-15 10:45:00,15,0.0,0.0,1144.0,1348537868.0
True,B,2020-06-15 11:00:00,15,0.0,0.0,1144.0,1348537868.0
True,B,2020-06-15 11:15:00,15,0.0,0.0,1144.0,1348537868.0
True,B,2020-06-15 11:30:00,15,0.0,0.0,1144.0,1348537868.0
False,B,2020-06-15 11:45:00,15,110.66666666666666,108.59333333333336,1150.5333333333333,1348537874.5333333
True,B,2020-06-15 12:00:00,15,0.0,0.0,1170.0,1348537894.0
True,B,2020-06-15 12:15:00,15,0.0,0.0,1170.0,1348537894.0
True,B,2020-06-15 12:30:00,15,0.0,0.0,1170.0,1348537894.0
True,B,2020-06-15 12:45:00,15,0.0,0.0,1170.0,1348537894.0
True,B,2020-06-15 13:00:00,15,0.0,0.0,1170.0,1348537894.0
False,B,2020-06-15 13:15:00,15,170.39333333333337,166.78666666666666,1188.9999999999998,1348537913.0
False,B,2020-06-15 13:30:00,15,388.6285714285714,381.74285714285713,1255.0,1348537979.0000002
False,B,2020-06-15 13:45:00,15,594.5466666666665,582.6,1371.7333333333331,1348538095.733333
False,B,2020-06-15 14:00:00,15,98.57333333333332,96.52,1476.1333333333334,1348538200.1333334
False,B,2020-06-15 14:15:00,15,143.7866666666667,141.09333333333333,1486.8666666666668,1348538210.8666668
False,B,2020-06-15 14:30:00,15,642.8399999999999,629.7333333333333,1586.9333333333334,1348538310.9333332
False,B,2020-06-15 14:45:00,15,542.657142857143,531.8857142857144,1727.5,1348538451.5
False,B,2020-06-15 15:00:00,15,465.6133333333335,456.8733333333333,1860.8,1348538584.8
False,B,2020-06-15 15:15:00,15,643.5466666666665,630.4533333333334,1988.1333333333328,1348538712.1333334
False,B,2020-06-15 15:30:00,15,509.78,499.86,2136.5333333333333,1348538860.5333335
False,B,2020-06-15 15:45:00,15,186.9214285714285,183.02857142857144,2224.0,1348538948.0
False,B,2020-06-15 16:00:00,15,298.74,293.5266666666667,2274.8,1348538998.8
False,B,2020-06-15 16:15:00,15,383.91333333333336,377.2533333333333,2360.9999999999995,1348539085.0
False,B,2020-06-15 16:30:00,15,372.46,365.74,2451.5333333333333,1348539175.5333333
False,B,2020-06-15 16:45:00,15,397.5866666666666,390.63333333333327,2554.8,1348539278.8000002
False,B,2020-06-15 17:00:00,15,247.6,242.8928571428572,2634.0000000000005,1348539358.0
False,B,2020-06-15 17:15:00,15,94.36666666666665,91.63333333333334,2671.0666666666666,1348539395.0666668
False,B,2020-06-15 17:30:00,15,157.8666666666667,154.46666666666667,2701.8,1348539425.8000002
False,B,2020-06-15 17:45:00,15,126.15999999999998,122.79999999999998,2738.6666666666665,1348539462.6666665
False,B,2020-06-15 18:00:00,15,93.54285714285712,90.87857142857143,2764.714285714286,1348539488.714286
False,B,2020-06-15 18:15:00,15,63.040000000000006,61.02,2783.8,1348539507.8
False,B,2020-06-15 18:30:00,15,34.053333333333335,32.9,2795.5333333333338,1348539519.5333333
False,B,2020-06-15 18:45:00,15,6.766666666666668,6.5266666666666655,2800.5333333333333,1348539524.5333333
False,B,2020-06-15 19:00:00,15,0.0,0.0,2801.0,1348539525.0
False,B,2020-06-15 19:15:00,15,0.0,0.0,2801.0,1348539525.0
False,B,2020-06-15 19:30:00,15,0.0,0.0,2801.0,1348539525.0
False,B,2020-06-15 19:45:00,15,0.0,0.0,2801.0,1348539525.0
False,B,2020-06-15 20:00:00,15,0.0,0.0,2801.0,1348539525.0
False,B,2020-06-15 20:15:00,15,0.0,0.0,2801.0,1348539525.0
False,B,2020-06-15 20:30:00,15,0.0,0.0,2801.0,1348539525.0
False,B,2020-06-15 20:45:00,15,0.0,0.0,2801.0,1348539525.0
False,B,2020-06-15 21:00:00,15,0.0,0.0,2801.0,1348539525.0
False,B,2020-06-15 21:15:00,15,0.0,0.0,2801.0,1348539525.0
False,B,2020-06-15 21:30:00,15,0.0,0.0,2801.0,1348539525.0
False,B,2020-06-15 21:45:00,15,0.0,0.0,2801.0,1348539525.0
False,B,2020-06-15 22:00:00,15,0.0,0.0,2801.0,1348539525.0
False,B,2020-06-15 22:15:00,15,0.0,0.0,2801.0,1348539525.0
False,B,2020-06-15 22:30:00,15,0.0,0.0,2801.0,1348539525.0
False,B,2020-06-15 22:45:00,15,0.0,0.0,2801.0,1348539525.0
False,B,2020-06-15 23:00:00,15,0.0,0.0,2801.0,1348539525.0
False,B,2020-06-15 23:15:00,15,0.0,0.0,2801.0,1348539525.0
False,B,2020-06-15 23:30:00,15,0.0,0.0,2801.0,1348539525.0
False,B,2020-06-15 23:45:00,15,0.0,0.0,2801.0,1348539525.0
False,B,2020-06-16 00:00:00,15,0.0,0.0,2801.0,1348539525.0
False,B,2020-06-16 00:15:00,15,0.0,0.0,2801.0,1348539525.0
False,B,2020-06-16 00:30:00,15,0.0,0.0,2801.0,1348539525.0
False,B,2020-06-16 00:45:00,15,0.0,0.0,2801.0,1348539525.0
False,B,2020-06-16 01:00:00,15,0.0,0.0,2801.0,1348539525.0
False,B,2020-06-16 01:15:00,15,0.0,0.0,2801.0,1348539525.0
False,B,2020-06-16 01:30:00,15,0.0,0.0,2801.0,1348539525.0
False,B,2020-06-16 01:45:00,15,0.0,0.0,2801.0,1348539525.0
False,B,2020-06-16 02:00:00,15,0.0,0.0,2801.0,1348539525.0
False,B,2020-06-16 02:15:00,15,0.0,0.0,2801.0,1348539525.0
False,B,2020-06-16 02:30:00,15,0.0,0.0,2801.0,1348539525.0
False,B,2020-06-16 02:45:00,15,0.0,0.0,2801.0,1348539525.0
False,B,2020-06-16 03:00:00,15,0.0,0.0,2801.0,1348539525.0
False,B,2020-06-16 03:15:00,15,0.0,0.0,2801.0,1348539525.0
False,B,2020-06-16 03:30:00,15,0.0,0.0,2801.0,1348539525.0
False,B,2020-06-16 03:45:00,15,0.0,0.0,2801.0,1348539525.0
False,B,2020-06-16 04:00:00,15,0.0,0.0,2801.0,1348539525.0
False,B,2020-06-16 04:15:00,15,0.0,0.0,2801.0,1348539525.0
False,B,2020-06-16 04:30:00,15,0.0,0.0,2801.0,1348539525.0
False,B,2020-06-16 04:45:00,15,0.0,0.0,2801.0,1348539525.0
False,B,2020-06-16 05:00:00,15,0.0,0.0,2801.0,1348539525.0
False,B,2020-06-16 05:15:00,15,0.0,0.0,2801.0,1348539525.0
False,B,2020-06-16 05:30:00,15,0.0,0.0,2801.0,1348539525.0
False,B,2020-06-16 05:45:00,15,0.0,0.0,2801.0,1348539525.0
False,B,2020-06-16 06:00:00,15,7.873333333333333,7.600000000000001,2801.4,1348539525.4000003
False,B,2020-06-16 06:15:00,15,38.56666666666668,37.28666666666668,2806.7333333333327,1348539530.733333
False,B,2020-06-16 06:30:00,15,71.57857142857144,69.38571428571427,2819.5,1348539543.5
False,B,2020-06-16 06:45:00,15,117.24666666666668,114.02,14.133333333333336,1348539566.1333332
False,B,2020-06-16 07:00:00,15,161.36,157.90666666666667,48.06666666666668,1348539600.0666664
False,B,2020-06-16 07:15:00,15,196.7666666666667,192.8933333333333,92.0,1348539643.9999998
False,B,2020-06-16 07:30:00,15,250.2,245.35714285714283,146.14285714285714,1348539698.1428573
False,B,2020-06-16 07:45:00,15,290.66666666666663,285.27333333333326,211.0,1348539763.0000002
False,B,2020-06-16 08:00:00,15,359.42,353.2866666666667,292.19999999999993,1348539844.1999998
False,B,2020-06-16 08:15:00,15,438.6133333333333,430.6333333333334,389.00000000000006,1348539941.0
False,B,2020-06-16 08:30:00,15,490.77333333333326,481.2000000000001,508.1333333333334,1348540060.1333332
False,B,2020-06-16 08:45:00,15,498.8428571428571,489.07857142857137,625.3571428571429,1348540177.3571427
False,B,2020-06-16 09:00:00,15,536.7533333333334,526.1266666666668,752.8666666666666,1348540304.8666666
False,B,2020-06-16 09:15:00,15,418.96,410.94,866.4666666666666,1348540418.4666667
False,B,2020-06-16 09:30:00,15,556.0866666666667,545.02,990.6666666666669,1348540542.6666667
False,B,2020-06-16 09:45:00,15,640.3933333333333,627.3733333333333,1138.2,1348540690.2
False,B,2020-06-16 10:00:00,15,669.3714285714286,655.65,1293.928571428571,1348540845.9285712
False,B,2020-06-16 10:15:00,15,768.44,752.2799999999999,1470.1333333333334,1348541022.1333334
False,B,2020-06-16 10:30:00,15,680.5066666666667,666.5,160.39999999999998,1348541197.4666665
False,B,2020-06-16 10:45:00,15,720.0933333333332,705.0866666666666,235.3333333333333,1348541379.3333335
False,B,2020-06-16 11:00:00,15,659.6214285714285,646.1214285714286,392.6428571428571,1348541536.6428573
False,B,2020-06-16 11:15:00,15,729.2866666666665,713.8133333333334,552.8000000000001,1348541696.8000004
False,B,2020-06-16 11:30:00,15,1096.3733333333334,1070.94,790.3333333333333,1348541934.3333333
False,B,2020-06-16 11:45:00,15,910.0333333333332,889.6466666666668,1042.1333333333334,1348542186.1333332
False,B,2020-06-16 12:00:00,15,792.1866666666666,775.3533333333332,1244.8666666666668,1348542388.8666668
False,B,2020-06-16 12:15:00,15,548.9,538.1142857142858,1412.2857142857144,1348542556.2857146
False,B,2020-06-16 12:30:00,15,741.7066666666667,726.1466666666665,1554.1999999999998,1348542698.2000003
False,B,2020-06-16 12:45:00,15,817.3266666666666,799.8866666666665,1763.8666666666666,1348542907.8666666
False,B,2020-06-16 13:00:00,15,844.7133333333335,826.5666666666666,1958.6666666666667,1348543102.6666667
False,B,2020-06-16 13:15:00,15,858.9133333333333,840.4266666666667,2180.4,1348543324.4
False,B,2020-06-16 13:30:00,15,520.4857142857143,510.3714285714286,2343.785714285714,1348543487.785714
False,B,2020-06-16 13:45:00,15,624.6266666666667,611.9466666666666,2468.866666666667,1348543612.866667
False,B,2020-06-16 14:00:00,15,681.5000000000001,667.4200000000001,2645.9333333333334,1348543789.9333334
False,B,2020-06-16 14:15:00,15,217.65333333333325,213.21333333333328,1288.8,629320489.3333333
True,B,2020-06-16 14:30:00,15,0.0,0.0,0.0,89902928.53333335
False,B,2020-06-16 14:45:00,15,573.96,562.1933333333335,2474.333333333333,1348543989.5333333
False,B,2020-06-16 15:00:00,15,531.3642857142856,520.9857142857144,2990.642857142857,1348544134.6428573
False,B,2020-06-16 15:15:00,15,545.6066666666666,534.8466666666666,3112.2666666666664,1348544256.266667
False,B,2020-06-16 15:30:00,15,622.6333333333332,609.9866666666667,3263.266666666667,1348544407.266667
False,B,2020-06-16 15:45:00,15,467.34,458.36666666666656,3401.666666666667,1348544545.6666665
False,B,2020-06-16 16:00:00,15,254.88571428571427,250.07857142857145,3486.8571428571427,1348544630.8571427
False,B,2020-06-16 16:15:00,15,370.3733333333333,363.8133333333333,3568.1333333333337,1348544712.1333334
False,B,2020-06-16 16:30:00,15,208.44000000000003,204.2,3638.4,1348544782.4
False,B,2020-06-16 16:45:00,15,177.72,173.89333333333337,3681.6666666666656,1348544825.6666667
False,B,2020-06-16 17:00:00,15,128.75333333333336,125.72,3725.2666666666655,1348544869.266667
False,B,2020-06-16 17:15:00,15,50.71333333333333,49.10666666666666,3742.4,1348544886.4
False,B,2020-06-16 17:30:00,15,102.19285714285716,99.27857142857142,3761.142857142857,1348544905.1428573
False,B,2020-06-16 17:45:00,15,82.44,80.02,3784.7333333333336,1348544928.733333
False,B,2020-06-16 18:00:00,15,39.54666666666667,38.22,3799.8,1348544943.8
False,B,2020-06-16 18:15:00,15,23.65333333333333,22.83333333333333,3806.8,1348544950.8000002
False,B,2020-06-16 18:30:00,15,12.071428571428571,11.65,3810.857142857143,1348544954.8571427
False,B,2020-06-16 18:45:00,15,0.0,0.0,3812.0,1348544956.0
False,B,2020-06-16 19:00:00,15,0.0,0.0,3812.0,1348544956.0
False,B,2020-06-16 19:15:00,15,0.0,0.0,3812.0,1348544956.0
False,B,2020-06-16 19:30:00,15,0.0,0.0,3812.0,1348544956.0
False,B,2020-06-16 19:45:00,15,0.0,0.0,3812.0,1348544956.0
False,B,2020-06-16 20:00:00,15,0.0,0.0,3812.0,1348544956.0
False,B,2020-06-16 20:15:00,15,0.0,0.0,3812.0,1348544956.0
False,B,2020-06-16 20:30:00,15,0.0,0.0,3812.0,1348544956.0
False,B,2020-06-16 20:45:00,15,0.0,0.0,3812.0,1348544956.0
False,B,2020-06-16 21:00:00,15,0.0,0.0,3812.0,1348544956.0
False,B,2020-06-16 21:15:00,15,0.0,0.0,3812.0,1348544956.0
False,B,2020-06-16 21:30:00,15,0.0,0.0,3812.0,1348544956.0
False,B,2020-06-16 21:45:00,15,0.0,0.0,3812.0,1348544956.0
False,B,2020-06-16 22:00:00,15,0.0,0.0,3812.0,1348544956.0
False,B,2020-06-16 22:15:00,15,0.0,0.0,3812.0,1348544956.0
False,B,2020-06-16 22:30:00,15,0.0,0.0,3812.0,1348544956.0
False,B,2020-06-16 22:45:00,15,0.0,0.0,3812.0,1348544956.0
False,B,2020-06-16 23:00:00,15,0.0,0.0,3812.0,1348544956.0
False,B,2020-06-16 23:15:00,15,0.0,0.0,3812.0,1348544956.0
False,B,2020-06-16 23:30:00,15,0.0,0.0,3812.0,1348544956.0
False,B,2020-06-16 23:45:00,15,0.0,0.0,3812.0,1348544956.0
False,B,2020-06-17 00:00:00,15,0.0,0.0,3812.0,1348544956.0
False,B,2020-06-17 00:15:00,15,0.0,0.0,0.0,1348544956.0
False,B,2020-06-17 00:30:00,15,0.0,0.0,0.0,1348544956.0
False,B,2020-06-17 00:45:00,15,0.0,0.0,0.0,1348544956.0
False,B,2020-06-17 01:00:00,15,0.0,0.0,0.0,1348544956.0
False,B,2020-06-17 01:15:00,15,0.0,0.0,0.0,1348544956.0
False,B,2020-06-17 01:30:00,15,0.0,0.0,0.0,1348544956.0
False,B,2020-06-17 01:45:00,15,0.0,0.0,0.0,1348544956.0
False,B,2020-06-17 02:00:00,15,0.0,0.0,0.0,1348544956.0
False,B,2020-06-17 02:15:00,15,0.0,0.0,0.0,1348544956.0
False,B,2020-06-17 02:30:00,15,0.0,0.0,0.0,1348544956.0
False,B,2020-06-17 02:45:00,15,0.0,0.0,0.0,1348544956.0
False,B,2020-06-17 03:00:00,15,0.0,0.0,0.0,1348544956.0
False,B,2020-06-17 03:15:00,15,0.0,0.0,0.0,1348544956.0
False,B,2020-06-17 03:30:00,15,0.0,0.0,0.0,1348544956.0
False,B,2020-06-17 03:45:00,15,0.0,0.0,0.0,1348544956.0
False,B,2020-06-17 04:00:00,15,0.0,0.0,0.0,1348544956.0
False,B,2020-06-17 04:15:00,15,0.0,0.0,0.0,1348544956.0
False,B,2020-06-17 04:30:00,15,0.0,0.0,0.0,1348544956.0
False,B,2020-06-17 04:45:00,15,0.0,0.0,0.0,1348544956.0
False,B,2020-06-17 05:00:00,15,0.0,0.0,0.0,1348544956.0
False,B,2020-06-17 05:15:00,15,0.0,0.0,0.0,1348544956.0
False,B,2020-06-17 05:30:00,15,0.0,0.0,0.0,1348544956.0
False,B,2020-06-17 05:45:00,15,0.0,0.0,0.0,1348544956.0
False,B,2020-06-17 06:00:00,15,1.12,1.0799999999999998,0.0,1348544956.0
False,B,2020-06-17 06:15:00,15,25.17142857142857,24.3,2.6428571428571432,1348544958.6428573
False,B,2020-06-17 06:30:00,15,54.84,53.06666666666668,12.266666666666667,1348544968.266667
False,B,2020-06-17 06:45:00,15,59.220000000000006,57.31333333333334,26.53333333333333,1348544982.5333333
False,B,2020-06-17 07:00:00,15,64.55333333333334,62.48,41.6,1348544997.6
False,B,2020-06-17 07:15:00,15,76.52857142857144,74.19285714285715,58.14285714285714,1348545014.1428573
False,B,2020-06-17 07:30:00,15,100.07999999999998,97.25333333333334,78.66666666666666,1348545034.6666667
False,B,2020-06-17 07:45:00,15,129.29999999999998,125.79333333333334,106.86666666666665,1348545062.8666666
False,B,2020-06-17 08:00:00,15,183.32666666666668,179.6933333333333,145.26666666666665,1348545101.266667
False,B,2020-06-17 08:15:00,15,182.15333333333328,178.53333333333336,192.26666666666668,1348545148.266667
False,B,2020-06-17 08:30:00,15,210.57857142857137,206.44285714285712,236.6428571428572,1348545192.6428568
False,B,2020-06-17 08:45:00,15,273.20000000000005,267.9533333333334,298.1333333333333,1348545254.133333
False,B,2020-06-17 09:00:00,15,189.34,185.58,355.8666666666667,1348545311.8666666
False,B,2020-06-17 09:15:00,15,195.23999999999995,191.38666666666663,401.33333333333337,1348545357.3333335
False,B,2020-06-17 09:30:00,15,348.5642857142857,342.1428571428571,461.21428571428567,1348545417.214286
False,B,2020-06-17 09:45:00,15,583.8533333333334,572.1533333333332,577.6,1348545533.6
False,B,2020-06-17 10:00:00,15,561.02,549.8466666666668,722.0000000000001,1348545678.0000002
False,B,2020-06-17 10:15:00,15,468.6333333333334,459.8200000000001,853.0666666666666,1348545809.0666666
False,B,2020-06-17 10:30:00,15,455.5933333333333,447.0533333333333,962.866666666667,1348545918.8666666
False,B,2020-06-17 10:45:00,15,499.5642857142857,489.87142857142857,1078.428571428571,1348546034.4285712
False,B,2020-06-17 11:00:00,15,510.71333333333337,500.66,1200.2666666666664,1348546156.266667
False,B,2020-06-17 11:15:00,15,338.27333333333326,331.96,1312.2666666666669,1348546268.2666664
False,B,2020-06-17 11:30:00,15,633.5466666666667,620.6866666666666,1417.0666666666664,1348546373.0666666
False,B,2020-06-17 11:45:00,15,770.6642857142857,754.4785714285714,1595.428571428571,1348546551.4285712
False,B,2020-06-17 12:00:00,15,548.9333333333333,538.0133333333333,1752.0000000000005,1348546708.0
False,B,2020-06-17 12:15:00,15,815.42,797.7266666666666,1909.4666666666667,1348546865.4666667
False,B,2020-06-17 12:30:00,15,728.4933333333335,713.3266666666667,2112.8,1348547068.8
False,B,2020-06-17 12:45:00,15,778.48,762.0999999999998,2297.4,1348547253.4
False,B,2020-06-17 13:00:00,15,772.1071428571429,755.8571428571429,2485.714285714286,1348547441.7142856
False,B,2020-06-17 13:15:00,15,703.7,689.1333333333333,2661.666666666667,1348547617.6666665
False,B,2020-06-17 13:30:00,15,674.3866666666667,660.5466666666665,2829.6666666666665,1348547785.6666665
False,B,2020-06-17 13:45:00,15,56.766666666666666,55.546666666666674,586.8666666666666,269709578.0666667
False,B,2020-06-17 14:00:00,15,370.3,362.6666666666666,1393.0000000000002,988935144.4666668
False,B,2020-06-17 14:15:00,15,603.6357142857144,591.4785714285715,3096.6428571428573,1348548052.6428573
False,B,2020-06-17 14:30:00,15,497.4666666666667,487.71333333333325,3229.2,1348548185.2
False,B,2020-06-17 14:45:00,15,518.0733333333333,507.86,3352.866666666667,1348548308.8666666
False,B,2020-06-17 15:00:00,15,568.0133333333333,556.68,3488.866666666667,1348548444.8666668
False,B,2020-06-17 15:15:00,15,587.3866666666668,575.6533333333335,3635.6666666666665,1348548591.6666665
False,B,2020-06-17 15:30:00,15,364.45714285714286,358.21428571428567,3750.142857142857,1348548706.1428573
False,B,2020-06-17 15:45:00,15,327.08,321.61999999999995,3831.7333333333336,1348548787.7333336
False,B,2020-06-17 16:00:00,15,298.4666666666667,293.01333333333326,3912.0,1348548868.0
False,B,2020-06-17 16:15:00,15,292.56666666666666,287.0933333333333,3983.2,1348548939.2
False,B,2020-06-17 16:30:00,15,275.6142857142857,270.3142857142857,4054.571428571429,1348549010.5714283
False,B,2020-06-17 16:45:00,15,181.7533333333333,177.80000000000004,4110.400000000001,1348549066.4
False,B,2020-06-17 17:00:00,15,51.33333333333333,49.673333333333325,4137.0,1348549093.0
False,B,2020-06-17 17:15:00,15,132.04666666666668,128.54666666666665,4158.2,1348549114.2
False,B,2020-06-17 17:30:00,15,136.3,132.85,4188.1,1348549144.1
False,B,2020-06-17 17:45:00,15,96.98,94.21333333333332,4218.866666666666,1348549174.8666668
False,B,2020-06-17 18:00:00,15,59.97333333333334,58.06000000000001,4238.8,1348549194.7999997
False,B,2020-06-17 18:15:00,15,31.340000000000003,30.25333333333333,4249.266666666667,1348549205.266667
False,B,2020-06-17 18:30:00,15,19.026666666666667,18.366666666666667,4255.866666666667,1348549211.8666666
False,B,2020-06-17 18:45:00,15,3.2357142857142858,3.1214285714285714,4258.0,1348549214.0
False,B,2020-06-17 19:00:00,15,0.0,0.0,4258.0,1348549214.0
False,B,2020-06-17 19:15:00,15,0.0,0.0,4258.0,1348549214.0
False,B,2020-06-17 19:30:00,15,0.0,0.0,4258.0,1348549214.0
False,B,2020-06-17 19:45:00,15,0.0,0.0,4258.0,1348549214.0
False,B,2020-06-17 20:00:00,15,0.0,0.0,4258.0,1348549214.0
False,B,2020-06-17 20:15:00,15,0.0,0.0,4258.0,1348549214.0
False,B,2020-06-17 20:30:00,15,0.0,0.0,4258.0,1348549214.0
False,B,2020-06-17 20:45:00,15,0.0,0.0,4258.0,1348549214.0
False,B,2020-06-17 21:00:00,15,0.0,0.0,4258.0,1348549214.0
False,B,2020-06-17 21:15:00,15,0.0,0.0,4258.0,1348549214.0
False,B,2020-06-17 21:30:00,15,0.0,0.0,4258.0,1348549214.0
False,B,2020-06-17 21:45:00,15,0.0,0.0,4258.0,1348549214.0
False,B,2020-06-17 22:00:00,15,0.0,0.0,4258.0,1348549214.0
False,B,2020-06-17 22:15:00,15,0.0,0.0,4258.0,1348549214.0
False,B,2020-06-17 22:30:00,15,0.0,0.0,4258.0,1348549214.0
False,B,2020-06-17 22:45:00,15,0.0,0.0,4258.0,1348549214.0
False,B,2020-06-17 23:00:00,15,0.0,0.0,4258.0,1348549214.0
False,B,2020-06-17 23:15:00,15,0.0,0.0,4258.0,1348549214.0
False,B,2020-06-17 23:30:00,15,0.0,0.0,4258.0,1348549214.0
False,B,2020-06-17 23:45:00,15,0.0,0.0,4258.0,1348549214.0
